0.3983    0.1949    0.3686    0.2585    0.3347    0.2585    0.3390    0.2924    0.3432    0.2924    0.3136    0.2881    0.3136    0.3008    0.3220
0.3686    0.1737    0.3771    0.2203    0.3559    0.2542    0.3602    0.2754    0.3347    0.2839    0.3432    0.2924    0.3305    0.2966    0.3390
0.3983    0.1949    0.3178    0.2288    0.3475    0.2669    0.3432    0.2585    0.3390    0.2754    0.3475    0.2881    0.3347    0.2881    0.3347
0.3941    0.1992    0.3559    0.2542    0.3263    0.2542    0.3051    0.2500    0.2839    0.2585    0.3051    0.2585    0.2924    0.2754    0.2966
0.3559    0.1949    0.3898    0.2500    0.3856    0.2669    0.3432    0.2966    0.3517    0.2881    0.3390    0.2881    0.3008    0.2839    0.3051
0.3686    0.2076    0.3602    0.2500    0.3517    0.2712    0.3263    0.2500    0.3008    0.2754    0.3093    0.2924    0.3093    0.2712    0.3008
0.3517    0.1568    0.3559    0.2415    0.3305    0.2415    0.3008    0.2585    0.3051    0.2585    0.2966    0.2669    0.3008    0.2754    0.2924
0.4237    0.2119    0.4025    0.2500    0.3475    0.2924    0.3559    0.2881    0.3347    0.2754    0.3432    0.3051    0.3475    0.3093    0.3263
0.3983    0.1907    0.4280    0.2712    0.3390    0.2712    0.3263    0.2839    0.3178    0.2754    0.3136    0.2797    0.3178    0.2966    0.3220
0.4195    0.2076    0.3729    0.2542    0.3729    0.2797    0.3475    0.2924    0.3347    0.2754    0.3093    0.2627    0.3263    0.2966    0.3305
