0.3178    0.1610    0.2924    0.1949    0.3178    0.2246    0.3093    0.2373    0.3008    0.2373    0.2966    0.2500    0.3178    0.2542    0.2839    0.2415    0.2669    0.2458    0.2500    0.2331
0.3390    0.1483    0.3008    0.2034    0.3347    0.2288    0.3051    0.2161    0.2966    0.2331    0.2966    0.2458    0.3051    0.2627    0.2881    0.2712    0.2966    0.2542    0.2966    0.2712
0.2754    0.1441    0.2712    0.1992    0.2797    0.1949    0.2415    0.2161    0.2500    0.2203    0.2627    0.2331    0.2712    0.2458    0.2627    0.2415    0.2669    0.2288    0.2500    0.2331
0.3390    0.1483    0.2712    0.1822    0.2712    0.2076    0.3178    0.2288    0.2839    0.2458    0.2881    0.2500    0.2881    0.2797    0.2839    0.2712    0.2966    0.2669    0.2881    0.2627
0.3178    0.1271    0.2542    0.1780    0.2754    0.2161    0.2669    0.2203    0.2754    0.2331    0.2585    0.2119    0.2585    0.2203    0.2500    0.2203    0.2458    0.2246    0.2669    0.2373
0.2924    0.1610    0.2627    0.1864    0.2542    0.2034    0.2415    0.2203    0.2669    0.2119    0.2500    0.2119    0.2669    0.2415    0.2627    0.2331    0.2669    0.2288    0.2458    0.2246
0.3051    0.1356    0.2627    0.1992    0.2797    0.2203    0.2797    0.2288    0.2542    0.2203    0.2712    0.2288    0.2458    0.2246    0.2500    0.2161    0.2542    0.2288    0.2415    0.2288
0.3390    0.1525    0.2839    0.1737    0.2500    0.2246    0.2881    0.2161    0.2669    0.2034    0.2458    0.2076    0.2542    0.2119    0.2797    0.2373    0.2712    0.2415    0.2627    0.2458
0.3602    0.1822    0.3051    0.2161    0.2881    0.2331    0.2754    0.2288    0.2754    0.2331    0.2669    0.2373    0.2669    0.2331    0.2458    0.2331    0.2500    0.2331    0.2415    0.2373
0.3263    0.1441    0.2797    0.1864    0.2924    0.2203    0.2839    0.2246    0.2415    0.2161    0.2585    0.2203    0.2585    0.2331    0.2669    0.2373    0.2585    0.2373    0.2627    0.2458
