1
2
3
4
5
6
8
9
10
12
13
16
17
18
20
22
23
24
27
28
29
33
35
37
39
41
43
48
57
58
64
69
72
82
83
85
89
99
101
105
108
131
133
134
183
188
191
204
238
248
256
300
310
345
373
383
398
404
410
428
450
458
516
519
559
607
877
1236
1283
1384
1589
1774
1796
1847
1874
1890
1966
1984
1996
2369
2583
2604
2674
2899
2969
2984
3205
3927
6023
6454
7822
7966
8466
8697
10954
11128
11139
11427
11436
15391
17349
20927
21730
22371
36281
37079
38435
38445
38666
39384
53065
53334
56472
56473
56474
56475
67090
104235
