0.2785    0.1519    0.2342    0.1646    0.2405    0.1582    0.2215    0.1709    0.2215    0.1962    0.2215    0.1899    0.2278    0.1962    0.2089    0.1962    0.2278    0.2152    0.2595    0.2468
0.2595    0.1392    0.2405    0.1899    0.2405    0.1646    0.2152    0.1835    0.2089    0.1899    0.2342    0.2025    0.2278    0.2025    0.2278    0.2025    0.2848    0.2152    0.2468    0.2215
0.2025    0.1013    0.1709    0.1392    0.1835    0.1456    0.1519    0.1329    0.1519    0.1392    0.1709    0.1519    0.1835    0.1772    0.1899    0.1835    0.2152    0.2089    0.2342    0.2278
0.2532    0.1329    0.2215    0.1582    0.1835    0.1456    0.1962    0.1582    0.2025    0.1709    0.1899    0.1835    0.2089    0.1835    0.2089    0.1709    0.2468    0.2215    0.2405    0.1962
0.2532    0.1456    0.2468    0.1962    0.2152    0.1709    0.1962    0.1709    0.1899    0.1709    0.1899    0.1772    0.1962    0.1835    0.2089    0.1646    0.1899    0.1835    0.2215    0.2025
0.2342    0.1392    0.2405    0.1772    0.2468    0.1582    0.1962    0.1519    0.1835    0.1646    0.1899    0.1646    0.2342    0.1962    0.2532    0.2215    0.2595    0.2152    0.2405    0.2152
0.2658    0.1392    0.2468    0.1962    0.2468    0.1962    0.2468    0.2025    0.2215    0.1899    0.2152    0.2025    0.2152    0.1835    0.2278    0.2025    0.2342    0.2025    0.2785    0.2025
0.2468    0.1329    0.2152    0.1646    0.1899    0.1646    0.1899    0.1582    0.1835    0.1456    0.1835    0.1582    0.1899    0.1772    0.1962    0.1899    0.2089    0.2025    0.2405    0.1962
0.1835    0.1013    0.2215    0.1835    0.2342    0.1772    0.2152    0.1709    0.1772    0.1709    0.2089    0.1962    0.2405    0.2089    0.2468    0.2025    0.2532    0.2025    0.2405    0.2025
0.2722    0.1203    0.2278    0.1646    0.1899    0.1456    0.2025    0.1646    0.2025    0.1582    0.1835    0.1582    0.2089    0.1835    0.2278    0.2089    0.2532    0.2278    0.2722    0.2468
