0.4684    0.2532    0.4177    0.2785    0.4304    0.3038    0.4494    0.3228    0.4873    0.3544    0.4494    0.3924    0.4684    0.3797    0.4177    0.3861    0.4241    0.3797    0.4114    0.3924
0.4494    0.2215    0.4051    0.2975    0.4747    0.3101    0.4620    0.3165    0.4810    0.3608    0.4620    0.3608    0.4557    0.3734    0.4430    0.3544    0.4241    0.3861    0.4051    0.3861
0.4241    0.2152    0.4177    0.2532    0.4367    0.3165    0.4177    0.3418    0.4430    0.3481    0.4684    0.3797    0.4114    0.3544    0.4051    0.3608    0.4114    0.3608    0.4367    0.3861
0.4241    0.2152    0.4114    0.2658    0.3797    0.3038    0.3987    0.3038    0.3987    0.3165    0.3924    0.3544    0.3608    0.3165    0.3354    0.3165    0.3608    0.3291    0.3608    0.3165
0.3861    0.1899    0.3228    0.2278    0.3291    0.2658    0.3101    0.2722    0.3924    0.2911    0.3797    0.2975    0.3608    0.3165    0.3608    0.3291    0.3671    0.3228    0.3608    0.3354
0.4241    0.2152    0.3924    0.2722    0.4177    0.3354    0.4241    0.3291    0.4114    0.3291    0.3671    0.3291    0.3671    0.3481    0.3671    0.3291    0.3544    0.3038    0.3481    0.3354
0.4177    0.2405    0.4304    0.2911    0.4241    0.3101    0.3797    0.2975    0.3861    0.3038    0.4114    0.3544    0.4241    0.3734    0.4177    0.3544    0.3734    0.3481    0.3861    0.3481
0.4304    0.1962    0.4051    0.2785    0.4494    0.3038    0.4177    0.3165    0.4114    0.3165    0.4114    0.3481    0.4367    0.3481    0.4114    0.3671    0.3734    0.3418    0.3734    0.3481
0.4114    0.2089    0.3924    0.2722    0.4430    0.3038    0.4114    0.3038    0.4494    0.3734    0.4367    0.3671    0.4367    0.3544    0.4051    0.3481    0.4114    0.3418    0.4114    0.3608
0.4430    0.2152    0.4177    0.2468    0.4304    0.2722    0.4620    0.3354    0.4241    0.3481    0.4620    0.3861    0.5190    0.4051    0.5316    0.3987    0.4937    0.4051    0.4367    0.3797
