6_4	22.3353	11.3355	1
7_11	55.9087	16.5488	1
8_4	9.43475	3.54869	1
8_6	16.8275	4.48083	1
8_7	9.89419	3.61768	1
8_8	10.5036	3.64952	1
8_9	18.1941	4.85028	1
8_12	16.2093	4.43111	1
8_13	13.1798	4.15687	1
8_19	29.7673	6.61681	1
8_20	15.2209	4.24779	1
8_21	26.851	6.1329	1
8_22	40.6557	8.31975	1
8_23	54.6927	10.6741	1
9_1	1.96433	1.73699	2
9_3	6.83413	2.21335	1
9_4	5.63372	1.96901	1
9_5	12.646	2.43514	1
9_7	7.32856	2.20076	1
9_8	8.03509	2.18683	1
9_9	14.2735	2.60174	1
9_10	7.63399	2.19925	1
9_11	5.8699	1.92687	1
9_14	9.62773	2.40405	1
9_15	8.20132	2.17447	1
9_16	21.9743	3.00254	1
9_17	13.892	2.62843	1
9_18	7.90522	2.18454	1
9_20	12.1957	2.38928	1
9_21	14.1893	2.61476	1
9_22	14.0905	2.62369	1
9_23	17.2677	2.96832	1
9_24	10.1684	2.3919	1
9_25	23.0697	3.18414	1
9_26	8.12247	2.16697	1
9_27	13.9728	2.59871	1
9_29	15.5882	2.8026	1
9_30	12.1744	2.36431	1
9_33	31.7761	3.75982	1
9_34	10.1794	2.38431	1
9_35	14.2572	2.60773	1
9_36	15.5879	2.78438	1
9_37	22.8155	3.20904	1
9_38	18.7388	3.00498	1
9_39	14.0379	2.5851	1
9_40	22.6005	3.20179	1
9_41	26.0117	3.5414	1
9_42	32.8681	3.93815	1
9_43	11.0839	2.25344	1
9_44	19.7753	2.95591	1
9_47	54.1074	5.75743	1
10_1	1.56263	1.31633	2
10_3	5.37072	1.39653	1
10_5	10.0324	1.21739	1
10_6	4.41755	1.2742	1
10_7	5.72862	1.36687	1
10_8	4.37957	1.27068	1
10_10	6.30683	1.30669	1
10_11	5.9595	1.34112	1
10_12	4.6622	1.22846	1
10_13	5.97327	1.32112	1
10_14	6.06811	1.33125	1
10_16	7.71133	1.36283	1
10_17	11.1966	1.27633	1
10_18	17.3954	1.12687	1
10_20	5.99005	1.31661	1
10_21	7.04568	1.40659	1
10_23	11.304	1.25707	1
10_24	13.909	1.3452	2
10_25	11.2205	1.27326	1
10_26	11.3416	1.2509	1
10_27	4.62828	1.23683	1
10_28	6.47024	1.26722	1
10_29	7.78131	1.35989	1
10_31	18.8339	1.13919	1
10_32	7.83554	1.3549	1
10_33	6.32653	1.27061	1
10_34	6.43665	1.27767	1
10_35	11.1649	1.25012	1
10_36	12.0613	1.35284	2
10_37	8.06365	1.3251	1
10_38	11.1448	1.26434	1
10_40	6.40837	1.2935	1
10_41	11.3177	1.2552	1
10_43	11.1768	1.26404	1
10_44	6.62761	1.23939	1
10_46	18.391	1.19343	1
10_47	8.23933	1.28828	1
10_48	11.272	1.24609	1
10_49	7.95943	1.33399	1
10_51	14.0814	1.35328	2
10_52	9.39002	1.37996	1
10_55	11.2332	1.2496	1
10_56	18.2891	1.19074	1
10_57	12.4728	1.31884	2
10_58	11.2849	1.24742	1
10_59	20.4921	1.28728	1
10_60	8.08904	1.30072	1
10_61	18.3499	1.18953	1
10_63	6.36242	1.27407	1
10_65	16.6556	1.1479	1
10_66	12.4806	1.30712	2
10_67	11.4093	1.23608	1
10_68	15.0637	1.27102	1
10_70	8.20617	1.30162	1
10_71	6.70557	1.20307	1
10_72	15.4458	1.3832	1
10_73	12.479	1.30392	2
10_74	8.04279	1.31207	1
10_75	19.3127	1.25294	1
10_76	11.2577	1.2263	1
10_77	11.0678	1.24746	1
10_78	17.9124	1.20316	1
10_79	11.2328	1.20615	1
10_80	9.44612	1.15103	1
10_81	14.8624	1.2777	1
10_82	12.5695	1.29919	2
10_83	17.9641	1.2051	1
10_84	16.3477	1.15743	1
10_85	15.9589	1.33683	1
10_86	24.908	1.13609	1
10_87	18.2746	1.18584	1
10_91	14.9719	1.27534	1
10_92	8.93223	1.38353	1
10_93	12.3984	1.29811	2
10_94	18.8545	1.26569	1
10_95	21.0141	1.27048	1
10_96	10.993	1.21438	1
10_97	25.3113	1.35034	1
10_98	17.7181	1.20988	1
10_99	28.5865	1.26206	1
10_100	26.0797	1.18926	1
10_101	35.3133	1.20494	1
10_102	15.1313	1.17179	2
10_103	23.5983	1.20441	1
10_104	33.3483	1.2269	1
10_105	43.7141	1.30125	1
10_106	53.9635	1.51129	1
11_2	3.25633	0.890503	2
11_3	4.42979	0.856682	1
11_4	3.61879	0.823095	2
11_5	8.25466	0.451201	2
11_6	4.68133	0.819312	1
11_7	3.59265	0.82328	2
11_8	9.28473	0.43196	2
11_9	3.55257	0.831262	2
11_10	5.13685	0.740809	1
11_11	4.74302	0.806489	1
11_12	4.866	0.775233	2
11_13	3.86889	0.765517	2
11_14	4.89135	0.784292	2
11_15	8.18069	0.445395	2
11_16	4.97809	0.766983	2
11_18	9.22689	0.441967	2
11_19	14.3085	-0.0327413	2
11_20	4.98353	0.762142	2
11_21	4.98353	0.762142	2
11_22	5.81468	0.773456	1
11_23	11.4242	0.364945	2
11_25	9.31922	0.421819	2
11_26	5.14232	0.737709	1
11_27	9.31521	0.41797	2
11_28	6.3538	0.695506	1
11_29	9.21323	0.426746	2
11_30	15.4076	-0.0716409	2
11_31	3.81376	0.775008	2
11_32	5.14547	0.726097	1
11_33	8.09615	0.453186	2
11_34	9.34066	0.414264	2
11_35	5.03895	0.727744	2
11_36	6.44308	0.681214	1
11_37	6.0041	0.748274	1
11_38	10.0532	0.427098	1
11_39	5.2576	0.709378	1
11_40	5.2576	0.709378	1
11_41	9.22384	0.415453	2
11_42	9.09834	0.432385	2
11_43	6.36228	0.688815	1
11_44	10.315	0.384175	1
11_45	8.08045	0.443994	2
11_46	3.72754	0.781436	2
11_47	9.1117	0.438156	2
11_48	5.09794	0.74416	1
11_49	8.07532	0.426467	2
11_50	9.85286	0.450391	1
11_51	9.42445	0.394462	1
11_52	15.3404	-0.0678095	2
11_53	6.62895	0.645226	1
11_55	13.9521	0.00258419	2
11_56	11.5208	0.339003	2
11_57	6.45523	0.676225	1
11_58	6.56437	0.652766	1
11_59	6.49331	0.672863	1
11_60	5.45441	0.666123	2
11_61	7.355	0.670944	2
11_62	9.33169	0.407192	2
11_63	5.1864	0.730746	1
11_64	9.36785	0.401221	2
11_65	21.1873	-0.536957	2
11_66	10.3987	0.365984	1
11_67	17.4442	-0.155479	1
11_68	9.27708	0.397568	2
11_69	10.257	0.399374	1
11_70	6.4858	0.663565	1
11_71	9.21437	0.403827	2
11_72	7.50076	0.650869	2
11_73	15.287	-0.0627549	2
11_74	5.33752	0.693915	2
11_75	9.99355	0.438957	1
11_76	9.35785	0.401384	2
11_77	15.1273	-0.0499304	2
11_78	15.2065	-0.062074	2
11_79	6.7465	0.618953	1
11_80	10.1113	0.417528	1
11_81	5.41546	0.666271	2
11_82	9.16774	0.408214	2
11_83	9.77631	0.447362	1
11_84	6.15967	0.715694	1
11_85	6.62233	0.645852	1
11_86	5.22648	0.672928	1
11_88	6.58582	0.6501	1
11_90	12.43	0.319548	2
11_91	9.40088	0.395708	1
11_92	5.16183	0.718601	1
11_93	10.3061	0.385831	1
11_94	10.3061	0.385831	1
11_96	10.3088	0.38342	1
11_97	9.3261	0.398426	2
11_98	9.14802	0.408264	2
11_99	16.027	-0.0577611	2
11_101	12.5037	0.19042	2
11_102	8.0213	0.439142	2
11_103	9.17887	0.405372	2
11_104	13.9643	-0.00966971	2
11_105	7.82334	0.592863	2
11_106	6.47164	0.659974	1
11_108	15.9563	-0.0555979	2
11_109	11.6305	0.317792	2
11_110	10.1383	0.405895	1
11_111	6.60465	0.645119	1
11_112	10.2029	0.395449	1
11_113	15.2118	-0.0617231	2
11_114	9.07791	0.413201	2
11_116	6.68573	0.623628	1
11_117	12.7046	0.278378	2
11_118	6.81746	0.589321	1
11_119	14.7659	-0.0146531	2
11_120	5.21011	0.721956	1
11_121	10.2038	0.381361	1
11_122	7.85587	0.412428	2
11_123	11.0943	0.385722	2
11_124	6.72325	0.618995	1
11_125	10.3236	0.373214	1
11_126	17.0281	-0.085949	1
11_127	13.5649	0.0196423	2
11_128	6.59744	0.648256	1
11_129	22.0494	-0.551299	2
11_130	10.3415	0.370957	1
11_131	10.3146	0.364376	1
11_132	11.7328	0.304262	2
11_133	12.9589	0.22979	2
11_134	9.39378	0.388678	2
11_135	15.1831	-0.060865	2
11_136	9.21722	0.382564	2
11_137	20.7037	-0.489336	2
11_139	10.2569	0.379508	1
11_140	17.1352	-0.102756	1
11_141	9.31362	0.381118	2
11_142	7.56104	0.624612	2
11_143	14.8402	-0.0175723	2
11_144	28.8395	-1.06434	1
11_145	19.887	-0.178287	1
11_146	15.9324	-0.046458	2
11_147	7.81999	0.590471	2
11_148	10.2863	0.361603	1
11_149	6.86908	0.579836	1
11_150	10.31	0.375361	1
11_151	11.2319	0.354781	2
11_153	12.4102	0.203618	2
11_154	12.86	0.257363	2
11_155	21.8454	-0.53039	2
11_156	15.8266	-0.0471776	2
11_157	23.8524	-0.606235	2
11_158	9.23706	0.378407	2
11_159	5.38517	0.676198	2
11_161	14.9167	-0.0297314	2
11_163	9.23809	0.380734	2
11_164	10.2342	0.363078	1
11_165	14.8224	-0.0151115	2
11_166	15.1512	-0.0622351	2
11_167	17.5239	-0.163533	1
11_168	10.3541	0.368584	1
11_169	13.218	0.203305	2
11_170	10.3066	0.362228	1
11_171	17.8517	-0.099803	1
11_172	21.9098	-0.539409	2
11_173	15.7971	-0.0392241	2
11_175	20.417	-0.455446	2
11_176	13.4227	0.0455364	2
11_178	7.67063	0.468568	2
11_179	8.93886	0.4273	2
11_180	7.78221	0.440643	2
11_181	29.6626	-1.07294	1
11_182	13.2426	0.19586	2
11_183	7.58055	0.618274	2
11_184	10.4393	0.351668	1
11_185	12.4287	0.19918	2
11_186	17.5041	-0.164274	1
11_187	9.1807	0.36208	2
11_188	22.7078	-0.543316	2
11_189	10.253	0.360225	1
11_190	15.5908	-0.0157314	2
11_191	13.0174	0.226828	2
11_192	15.4603	0.103958	2
11_193	14.7604	-0.0200539	2
11_194	16.0233	-0.0729368	2
11_195	12.2162	0.203718	2
11_196	10.056	0.390151	1
11_197	18.1009	-0.140772	1
11_198	9.11246	0.356703	2
11_199	9.05899	0.395932	2
11_200	14.5344	0.0119907	2
11_201	21.4398	-0.486847	2
11_203	17.2082	-0.123698	1
11_204	21.8094	-0.53161	2
11_205	11.095	0.366666	2
11_206	13.0498	0.0601708	2
11_207	21.4357	-0.478086	2
11_208	19.9975	-0.403069	1
11_209	13.2539	0.191563	2
11_210	18.0541	-0.140406	1
11_211	17.3212	-0.135132	1
11_212	28.0295	-0.944606	1
11_213	29.2699	-1.00411	1
11_214	23.7901	-0.584272	2
11_215	36.659	-1.48752	1
11_216	21.2468	-0.348727	2
11_217	12.2366	0.20306	2
11_218	17.2634	-0.132327	1
11_220	15.4101	-0.00159645	2
11_221	10.7674	0.395892	1
11_222	10.1715	0.364422	1
11_223	23.768	-0.583514	2
11_224	26.5707	-0.660321	1
11_225	31.0273	-1.04662	1
11_226	14.2483	0.0208534	2
11_227	21.1102	-0.444383	2
11_228	28.9882	-0.969606	1
11_229	37.3622	-1.47368	1
11_230	35.7123	-1.34234	1
11_231	26.8208	-0.789176	1
11_232	18.7654	-0.277665	1
11_233	11.9273	0.139915	2
11_234	44.9797	-1.85806	1
11_235	54.1407	-2.24716	1
12_1	1.06184	0.796502	2
12_2	2.69776	0.591675	2
12_3	3.65702	0.510692	2
12_4	3.02012	0.513999	2
12_5	6.86456	-0.0219299	2
12_6	3.95962	0.44338	2
12_7	2.99661	0.516957	2
12_8	7.88734	-0.129545	2
12_9	4.30322	0.361626	2
12_10	3.99477	0.433894	2
12_11	4.07835	0.40519	2
12_12	2.98146	0.519315	2
12_13	3.2194	0.453028	2
12_14	2.94559	0.524659	2
12_15	6.88393	-0.044995	2
12_16	7.80742	-0.111796	2
12_17	5.26793	0.279247	2
12_18	4.07361	0.416835	2
12_19	4.05523	0.422107	2
12_20	4.20668	0.378991	2
12_21	12.0924	-0.771082	2
12_22	4.10627	0.411197	2
12_23	4.12817	0.397537	2
12_24	9.813	-0.318671	2
12_25	7.85855	-0.130099	2
12_26	4.84375	0.365282	2
12_27	4.44391	0.321676	2
12_28	7.78157	-0.110223	2
12_29	5.33483	0.261187	2
12_31	4.26595	0.366027	2
12_32	13.0258	-0.860736	2
12_33	7.71452	-0.108187	2
12_34	4.32357	0.357643	2
12_35	4.19657	0.378002	2
12_36	4.28015	0.349298	2
12_38	6.77996	-0.0270777	2
12_39	8.4676	-0.153061	2
12_40	5.41874	0.24375	2
12_41	7.97034	-0.155195	2
12_42	7.84034	-0.135813	2
12_43	7.82218	-0.11892	2
12_44	5.0079	0.328805	2
12_45	4.4125	0.327627	2
12_46	7.79648	-0.119774	2
12_47	5.32943	0.256773	2
12_48	4.98256	0.330261	2
12_49	7.63347	-0.101354	2
12_50	4.33983	0.35326	2
12_52	4.40641	0.327466	2
12_53	4.22073	0.376744	2
12_54	12.9412	-0.840742	2
12_55	6.85487	-0.064715	2
12_56	4.29731	0.342901	2
12_57	8.50018	-0.167006	2
12_58	9.80074	-0.317618	2
12_59	7.80634	-0.124725	2
12_60	8.40574	-0.151232	2
12_61	11.789	-0.722817	2
12_62	3.16732	0.466955	2
12_63	5.42045	0.239311	2
12_64	5.42045	0.239311	2
12_65	6.13474	0.191922	1
12_66	5.50402	0.210608	2
12_67	4.40714	0.324732	2
12_69	5.52125	0.212022	2
12_70	5.14103	0.295812	2
12_71	7.85065	-0.140092	2
12_72	14.8353	-1.03671	2
12_73	8.66027	-0.204091	2
12_74	5.44946	0.2336	2
12_75	17.8993	-1.54851	2
12_77	5.20276	0.276939	2
12_78	4.51845	0.303278	2
12_79	5.36347	0.237716	2
12_80	8.70639	-0.210589	2
12_81	7.88525	-0.151882	2
12_82	4.32838	0.356183	2
12_83	13.0303	-0.869838	2
12_84	4.35979	0.334514	2
12_85	7.79693	-0.122899	2
12_86	8.47962	-0.162969	2
12_88	5.43969	0.23477	2
12_89	7.90312	-0.149695	2
12_90	6.05092	0.211736	2
12_91	4.32872	0.353816	2
12_92	8.02649	-0.175176	2
12_93	7.87767	-0.144041	2
12_94	8.56542	-0.186841	2
12_95	4.27782	0.323257	2
12_96	12.8498	-0.831236	2
12_97	6.35275	0.146747	2
12_98	8.38408	-0.142406	2
12_99	5.52772	0.209082	2
12_100	12.6595	-0.798537	2
12_101	5.50679	0.213639	2
12_102	5.29259	0.262527	2
12_103	10.6916	-0.416915	2
12_104	13.0208	-0.86845	2
12_105	18.8776	-1.65235	2
12_106	5.56553	0.199457	2
12_107	7.70764	-0.127924	2
12_108	7.82039	-0.128201	2
12_109	5.57245	0.199056	2
12_110	4.55914	0.284476	2
12_111	13.7163	-0.916805	2
12_112	3.13521	0.469309	2
12_113	8.75465	-0.226726	2
12_114	7.68968	-0.118313	2
12_115	5.08358	0.309165	2
12_117	6.03055	0.210614	2
12_118	8.46852	-0.170485	2
12_119	8.64389	-0.202623	2
12_120	5.68337	0.166006	2
12_121	8.5318	-0.175155	2
12_122	8.70604	-0.220639	2
12_123	10.2216	-0.327384	2
12_124	4.3482	0.338116	2
12_125	4.45291	0.315936	2
12_126	7.79026	-0.132314	2
12_127	9.6914	-0.317928	2
12_128	7.78057	-0.15374	2
12_129	6.33189	0.150209	2
12_130	12.8331	-0.833556	2
12_131	4.48578	0.307071	2
12_132	7.8961	-0.15019	2
12_133	8.51012	-0.172043	2
12_134	10.4597	-0.464655	2
12_135	7.83484	-0.144977	2
12_136	6.79561	-0.0505393	2
12_137	8.52078	-0.173676	2
12_138	6.42414	0.129966	2
12_139	5.32725	0.24409	2
12_140	13.5748	-0.896213	2
12_141	12.7244	-0.819496	2
12_142	11.7226	-0.714036	2
12_143	13.5028	-0.878971	2
12_144	10.7976	-0.442844	2
12_145	8.76151	-0.229239	2
12_146	5.53436	0.204737	2
12_147	5.61794	0.176034	2
12_148	4.52105	0.290158	2
12_149	14.6414	-1.00865	2
12_151	5.65343	0.170532	2
12_152	7.63307	-0.116214	2
12_153	9.31605	-0.244791	2
12_154	8.71284	-0.221656	2
12_155	4.29174	0.360905	2
12_156	7.71799	-0.128015	2
12_157	5.67838	0.166573	2
12_158	7.9052	-0.145498	2
12_159	10.3427	-0.437619	2
12_160	18.8135	-1.64428	2
12_161	5.46321	0.218	2
12_162	8.65747	-0.211972	2
12_164	6.43571	0.128318	2
12_165	12.3722	-0.75345	2
12_166	6.6683	-0.0638846	2
12_168	8.37649	-0.151017	2
12_169	8.52713	-0.184547	2
12_170	5.47588	0.224698	2
12_171	8.57779	-0.193896	2
12_172	9.08109	-0.194554	2
12_173	4.52143	0.292893	2
12_174	5.63496	0.1765	2
12_175	7.73757	-0.130693	2
12_176	8.71556	-0.218377	2
12_177	11.4673	-0.685361	2
12_178	8.71316	-0.226194	2
12_179	17.1334	-1.24531	2
12_180	14.6964	-1.02294	2
12_181	7.91146	-0.17075	2
12_182	8.72932	-0.223629	2
12_183	11.0684	-0.50721	2
12_184	7.91669	-0.161374	2
12_185	8.59809	-0.211618	2
12_186	4.58618	0.272862	2
12_187	6.58487	0.0908192	2
12_188	6.41477	0.130074	2
12_189	17.4577	-1.47165	2
12_190	6.35215	0.139146	2
12_191	9.30192	-0.243952	2
12_192	12.9583	-0.866112	2
12_193	11.7366	-0.728262	2
12_195	3.0521	0.489074	2
12_196	4.27665	0.351067	2
12_197	7.93438	-0.167082	2
12_198	8.53426	-0.181916	2
12_199	5.57106	0.197858	2
12_200	12.7882	-0.828797	2
12_201	13.5442	-0.880544	2
12_202	20.6703	-1.84593	2
12_203	7.81332	-0.16726	2
12_204	13.5084	-0.877014	2
12_205	8.5691	-0.18969	2
12_206	10.6132	-0.410669	2
12_207	10.6446	-0.40671	2
12_208	8.6502	-0.213818	2
12_209	9.3645	-0.261208	2
12_210	24.3313	-2.36901	2
12_211	5.6597	0.171819	2
12_212	8.76968	-0.239006	2
12_213	8.76968	-0.239006	2
12_214	7.89954	-0.162663	2
12_215	5.72142	0.141689	2
12_216	5.66276	0.164542	2
12_217	18.7553	-1.63625	2
12_218	10.7164	-0.421479	2
12_219	6.7065	0.0514093	2
12_220	12.5574	-0.795016	2
12_221	10.1514	-0.403194	2
12_222	8.69313	-0.222698	2
12_223	5.63486	0.171825	2
12_224	5.59412	0.193689	2
12_225	8.61652	-0.20503	2
12_226	13.5549	-0.900847	2
12_227	4.5266	0.300816	2
12_228	7.6599	-0.145754	2
12_229	8.60771	-0.208173	2
12_230	6.46468	0.116359	2
12_231	4.66586	0.246544	2
12_232	7.83517	-0.159464	2
12_233	7.38738	0.0261099	2
12_234	8.77104	-0.239151	2
12_235	8.72726	-0.235571	2
12_236	4.35736	0.349627	2
12_237	15.1375	-1.02349	2
12_238	5.47424	0.224669	2
12_239	12.5463	-0.799571	2
12_240	7.90779	-0.159253	2
12_241	12.8991	-0.855359	2
12_242	18.533	-1.59845	2
12_243	9.39307	-0.272588	2
12_244	5.59342	0.194744	2
12_245	13.0378	-0.880207	2
12_246	8.72293	-0.224814	2
12_247	15.2897	-1.05509	2
12_248	13.5062	-0.879554	2
12_249	8.61062	-0.205599	2
12_250	14.7073	-1.02571	2
12_251	11.034	-0.493116	2
12_252	7.82073	-0.159878	2
12_253	18.5898	-1.61199	2
12_254	10.4999	-0.486974	2
12_255	7.94433	-0.17856	2
12_256	9.4237	-0.271694	2
12_257	7.67972	-0.152877	2
12_258	8.54244	-0.186445	2
12_259	5.74356	0.140967	2
12_260	10.8433	-0.450588	2
12_261	6.64478	0.0667101	2
12_262	12.8071	-0.835331	2
12_263	8.75814	-0.239385	2
12_264	13.5068	-0.882836	2
12_265	10.8406	-0.448993	2
12_266	6.47119	0.115346	2
12_267	6.47119	0.115346	2
12_268	9.28162	-0.246672	2
12_269	8.71995	-0.233264	2
12_270	25.4299	-2.51284	2
12_271	7.88911	-0.145938	2
12_272	19.4368	-1.68467	1
12_273	5.77063	0.139385	2
12_274	12.7522	-0.82756	2
12_275	4.49993	0.296224	2
12_276	14.9746	-1.08581	2
12_277	8.65828	-0.225183	2
12_278	12.5818	-0.805213	2
12_280	13.6818	-0.919879	2
12_281	5.59437	0.185369	2
12_282	4.48055	0.295886	2
12_283	9.84679	-0.364304	2
12_284	8.74176	-0.238648	2
12_285	9.45605	-0.286038	2
12_286	7.72845	-0.153228	2
12_287	8.69899	-0.219068	2
12_288	12.4474	-0.778251	2
12_289	13.191	-0.832894	2
12_290	8.44264	-0.169782	2
12_291	8.68532	-0.224887	2
12_293	6.1309	0.179956	1
12_294	5.77513	0.113945	2
12_295	5.71086	0.159468	2
12_296	7.83078	-0.14357	2
12_297	10.8095	-0.450198	2
12_298	15.1595	-1.0314	2
12_299	11.3653	-0.468828	2
12_300	6.62489	-0.0199245	2
12_301	13.4248	-0.869397	2
12_302	12.833	-0.675029	2
12_303	6.67297	0.0636144	2
12_304	8.73115	-0.233682	2
12_305	10.2015	-0.414031	2
12_306	5.61662	0.177654	2
12_307	19.2433	-1.65272	1
12_308	7.7118	-0.168378	2
12_310	4.61272	0.258266	2
12_311	18.6789	-1.62859	2
12_312	8.75031	-0.236313	2
12_313	14.7814	-1.04376	2
12_314	11.0009	-0.48878	2
12_315	14.3784	-0.964098	2
12_316	7.51876	-0.0991182	2
12_317	11.1923	-0.531145	2
12_318	7.77025	-0.150535	2
12_319	9.52421	-0.301602	2
12_320	10.5231	-0.490688	2
12_321	7.7484	-0.1542	2
12_322	8.73091	-0.234951	2
12_323	11.069	-0.504445	2
12_324	9.25704	-0.243558	2
12_325	6.69186	-0.0577682	2
12_326	14.9366	-1.08205	2
12_327	12.4603	-0.789612	2
12_328	10.3796	-0.469062	2
12_329	14.1547	-0.923402	2
12_331	12.4515	-0.779587	2
12_333	17.5137	-1.49418	2
12_335	6.44471	0.111353	2
12_337	9.51839	-0.3015	2
12_338	8.42151	-0.187376	2
12_339	18.3553	-1.56309	2
12_340	20.2521	-1.75796	1
12_341	8.7283	-0.262496	2
12_342	10.9203	-0.468786	2
12_343	7.59209	-0.1325	2
12_344	13.5811	-0.906981	2
12_345	15.28	-1.06615	2
12_346	9.43649	-0.280364	2
12_347	5.60246	0.193076	2
12_348	10.877	-0.475357	2
12_349	5.63542	0.173889	2
12_350	17.1431	-1.24271	2
12_351	12.2207	-0.743131	2
12_352	5.72545	0.146155	2
12_353	8.60378	-0.223413	2
12_354	15.3626	-1.07588	2
12_355	6.39417	0.128793	2
12_356	8.67599	-0.227162	2
12_357	13.2767	-0.845062	2
12_358	8.70037	-0.236176	2
12_359	25.086	-2.43572	2
12_360	13.4364	-0.876432	2
12_361	18.1251	-1.53123	2
12_362	9.94439	-0.384841	2
12_363	13.1306	-0.825871	2
12_364	11.638	-0.529696	2
12_365	13.3448	-0.863411	2
12_366	8.64153	-0.229419	2
12_367	11.1008	-0.651262	2
12_368	5.8732	0.102043	2
12_369	6.61236	0.0789402	2
12_370	8.73572	-0.250329	2
12_371	11.1289	-0.527121	2
12_372	7.6783	-0.169635	2
12_373	8.80477	-0.245905	2
12_374	9.47086	-0.286565	2
12_375	7.85701	-0.156846	2
12_376	16.9872	-1.4066	2
12_377	11.7747	-0.560035	2
12_378	14.4867	-0.988221	2
12_380	22.2836	-1.91095	2
12_381	13.4187	-0.875374	2
12_382	12.2963	-0.763738	2
12_383	9.31863	-0.264217	2
12_384	8.64405	-0.218555	2
12_385	23.8612	-2.2924	1
12_386	15.1605	-1.0309	2
12_388	19.1993	-1.63935	1
12_389	11.0643	-0.506306	2
12_390	7.96187	-0.188414	2
12_391	10.8937	-0.476668	2
12_392	7.84462	-0.186912	2
12_393	20.269	-1.76489	1
12_394	15.1787	-1.05118	2
12_395	12.704	-0.824014	2
12_396	8.76479	-0.256024	2
12_397	11.1946	-0.538434	2
12_398	10.4496	-0.486766	2
12_399	18.5751	-1.613	2
12_400	18.1575	-1.5311	2
12_401	7.39482	0.0168154	2
12_402	31.3883	-3.24022	2
12_403	6.68126	0.0584567	2
12_404	5.73588	0.140988	2
12_405	8.80438	-0.254893	2
12_406	7.84663	-0.184672	2
12_407	9.3297	-0.269335	2
12_408	12.5574	-0.805614	2
12_409	11.234	-0.543388	2
12_410	15.1839	-1.03863	2
12_411	9.49171	-0.303119	2
12_412	26.6716	-2.58818	1
12_413	12.5532	-0.803671	2
12_414	14.7512	-1.04437	2
12_415	24.8726	-2.39951	2
12_416	7.86077	-0.165877	2
12_417	9.53218	-0.31141	2
12_418	8.76269	-0.25173	2
12_419	17.8949	-1.30718	2
12_420	11.7919	-0.57355	2
12_421	13.4994	-0.888741	2
12_422	15.3908	-1.08021	2
12_423	14.0211	-0.911009	2
12_424	13.3124	-0.857075	2
12_426	8.69621	-0.260541	2
12_427	5.77221	0.136741	2
12_428	6.49328	0.0940538	2
12_429	8.78536	-0.251567	2
12_430	19.0374	-1.62262	1
12_431	10.4359	-0.487387	2
12_433	18.5394	-1.60896	2
12_434	14.7649	-1.04732	2
12_435	6.58438	0.0751283	2
12_437	13.2485	-0.755978	2
12_438	20.3382	-1.7834	1
12_439	20.8167	-1.78765	2
12_440	12.3554	-0.779149	2
12_441	8.76987	-0.262578	2
12_442	13.1571	-0.841641	2
12_443	18.2097	-1.54422	2
12_444	11.1857	-0.541996	2
12_445	7.70735	-0.143576	2
12_446	8.79283	-0.244315	2
12_447	8.69246	-0.251034	2
12_448	12.8379	-0.852622	2
12_449	8.57168	-0.217194	2
12_450	7.76973	-0.180325	2
12_452	12.3395	-0.769774	2
12_453	18.1603	-1.53267	2
12_454	13.2223	-0.846991	2
12_455	18.9845	-1.60718	2
12_456	13.6459	-0.923336	2
12_457	13.4245	-0.881769	2
12_458	9.39433	-0.274731	2
12_459	9.47396	-0.294556	2
12_460	14.8069	-1.05456	2
12_461	18.2899	-1.47488	2
12_462	11.1956	-0.5397	2
12_463	15.3119	-1.07058	2
12_464	15.346	-1.07769	2
12_465	16.8556	-1.20165	2
12_466	15.3605	-1.07973	2
12_467	32.1082	-3.29736	1
12_468	7.62093	-0.181113	2
12_469	11.1869	-0.544374	2
12_470	25.6222	-2.46089	2
12_471	10.2317	-0.478941	2
12_472	15.3522	-1.07985	2
12_473	12.2005	-0.761791	2
12_474	23.6139	-2.24917	1
12_475	16.8837	-1.38252	2
12_476	11.1048	-0.627218	2
12_478	10.4484	-0.479567	2
12_479	11.0704	-0.632531	2
12_480	6.38781	-0.00119393	2
12_481	7.51124	-0.116414	2
12_482	9.25823	-0.264985	2
12_483	19.2881	-1.6702	1
12_484	11.2161	-0.537441	2
12_485	11.2007	-0.540816	2
12_486	20.8078	-1.7917	2
12_487	10.5042	-0.500466	2
12_488	14.7404	-1.04628	2
12_489	20.2823	-1.77721	1
12_490	8.63892	-0.248969	2
12_491	10.2034	-0.469281	2
12_492	14.1728	-0.943264	2
12_493	18.061	-1.52201	2
12_494	13.0328	-0.817496	2
12_495	14.4613	-1.00295	2
12_497	16.8315	-1.20538	2
12_498	11.5995	-0.53285	2
12_499	13.2593	-0.762166	2
12_500	14.4128	-0.999013	2
12_501	15.3998	-1.08774	2
12_502	8.45949	-0.207786	2
12_503	12.0398	-0.748963	2
12_504	12.8445	-0.783448	2
12_505	18.686	-1.47054	2
12_506	17.9282	-1.4045	2
12_507	24.832	-2.3982	2
12_508	19.9808	-1.71539	1
12_510	17.763	-1.47338	2
12_511	17.8267	-1.47707	2
12_512	24.4917	-2.3357	2
12_513	20.1164	-1.73927	1
12_514	24.4562	-2.32104	2
12_515	10.6454	-0.59411	2
12_516	14.5382	-1.01668	2
12_517	16.3964	-1.31119	2
12_518	11.8218	-0.580191	2
12_519	26.4354	-2.53488	1
12_520	23.1713	-2.16482	1
12_521	11.2518	-0.557283	2
12_522	22.8245	-2.00971	1
12_524	15.3238	-1.07852	2
12_525	31.7511	-3.21762	2
12_526	20.6563	-1.76931	2
12_527	30.679	-3.09817	2
12_528	38.5803	-4.0336	1
12_529	22.845	-2.01465	1
12_530	14.4087	-0.999023	2
12_531	19.9627	-1.7152	1
12_532	26.3197	-2.3526	1
12_533	28.5391	-2.69466	1
12_534	26.3817	-2.5274	1
12_535	24.9368	-2.34066	2
12_536	18.4636	-1.51868	2
12_537	13.3295	-0.798481	2
12_538	12.8557	-0.792597	2
12_539	9.10701	-0.246689	2
12_540	33.2205	-3.34014	1
12_541	11.6974	-0.69556	2
12_542	17.4095	-1.41648	2
12_543	24.1154	-2.26316	2
12_544	31.4902	-3.17099	2
12_545	39.1801	-4.05985	1
12_546	37.7781	-3.86589	1
12_547	29.6018	-2.89104	1
12_548	22.0016	-1.96128	2
12_549	15.2741	-1.14168	2
12_550	46.2077	-4.80932	1
12_551	54.5586	-5.63985	1
13_1	0.899475	0.629658	2
13_2	2.29289	0.376803	2
13_3	3.12206	0.259164	2
13_4	2.56772	0.297221	2
13_5	5.85596	-0.340605	2
13_6	3.38504	0.187477	2
13_7	2.55779	0.297639	2
13_8	6.71457	-0.47279	2
13_9	3.64855	0.109737	2
13_10	3.50465	0.145141	2
13_11	3.43854	0.171003	2
13_12	2.54736	0.299905	2
13_14	6.75818	-0.488024	2
13_15	4.54403	-0.0272966	2
13_16	5.88341	-0.362691	2
13_17	2.51068	0.310761	2
13_18	3.47327	0.160358	2
13_19	3.43643	0.170096	2
13_20	3.62203	0.116103	2
13_21	3.53865	0.138	2
13_22	10.3102	-1.21472	2
13_23	8.63284	-0.798479	2
13_25	6.78974	-0.502576	2
13_26	3.46957	0.164185	2
13_27	4.17673	0.0684849	2
13_28	3.78624	0.0651909	2
13_29	6.72947	-0.482856	2
13_30	4.59424	-0.0438599	2
13_31	11.259	-1.37896	2
13_32	3.577	0.127074	2
13_33	3.65787	0.0910903	2
13_34	6.60728	-0.46383	2
13_35	3.53448	0.132414	2
13_36	4.06502	0.0963151	2
13_37	2.73344	0.24161	2
13_38	7.33791	-0.559209	2
13_40	4.63731	-0.0560206	2
13_41	3.64366	0.110735	2
13_42	5.82744	-0.352197	2
13_43	6.76329	-0.504774	2
13_44	6.75571	-0.490052	2
13_45	4.29773	0.0358802	2
13_46	3.76369	0.0701458	2
13_47	6.73746	-0.494139	2
13_48	4.54967	-0.0360453	2
13_49	6.7218	-0.481253	2
13_50	7.41166	-0.583537	2
13_51	6.54143	-0.455596	2
13_52	11.1506	-1.34933	2
13_53	6.78621	-0.498098	2
13_54	3.66077	0.105231	2
13_55	3.66077	0.105231	2
13_56	4.30066	0.0344911	2
13_57	8.55315	-0.781652	2
13_58	3.6947	0.0851605	2
13_59	4.20845	0.0516659	2
13_60	3.75946	0.0703491	2
13_61	5.86267	-0.381743	2
13_62	7.28369	-0.544965	2
13_63	6.74644	-0.494581	2
13_64	5.2156	-0.123479	2
13_65	3.71924	0.0883719	2
13_66	4.67249	-0.0677823	2
13_67	4.74426	-0.092763	2
13_68	10.1377	-1.1886	2
13_69	12.9505	-1.64876	2
13_70	6.75451	-0.500531	2
13_72	4.631	-0.0591703	2
13_73	4.38272	0.0105023	2
13_74	4.70543	-0.081553	2
13_75	7.36195	-0.572988	2
13_77	4.62252	-0.0619179	2
13_78	2.72613	0.242181	2
13_79	3.67327	0.0982273	2
13_81	5.82563	-0.352554	2
13_82	7.47319	-0.59925	2
13_83	4.64307	-0.0591073	2
13_84	4.64307	-0.0591073	2
13_85	3.76309	0.0663246	2
13_86	3.90606	0.0239266	2
13_87	11.1321	-1.34767	2
13_88	6.77649	-0.515703	2
13_89	3.69989	0.083553	2
13_90	4.40379	-0.00250486	2
13_91	7.32005	-0.557645	2
13_92	4.37652	0.011818	2
13_93	3.74031	0.0761348	2
13_94	3.73392	0.056793	2
13_95	7.39131	-0.580699	2
13_96	5.21121	-0.119904	2
13_97	6.741	-0.498721	2
13_98	3.8362	0.0489844	2
13_99	3.6984	0.0949092	2
13_100	11.044	-1.3322	2
13_101	6.64592	-0.485496	2
13_102	6.83009	-0.525274	2
13_103	6.67359	-0.476596	2
13_104	5.74368	-0.332365	2
13_105	2.66302	0.256685	2
13_106	4.41608	-7.90275e-05	2
13_107	5.44064	-0.180018	2
13_108	4.71774	-0.0852138	2
13_110	9.25853	-0.886418	2
13_111	3.67023	0.10399	2
13_112	6.74099	-0.510627	2
13_113	7.24017	-0.539642	2
13_114	6.79497	-0.506653	2
13_115	11.7815	-1.4362	2
13_116	7.28647	-0.550802	2
13_117	4.42616	-0.0082435	2
13_118	16.2797	-2.32984	2
13_119	6.7245	-0.490608	2
13_120	6.78522	-0.509317	2
13_121	10.8439	-1.28443	2
13_122	5.21385	-0.122307	2
13_123	4.64056	-0.0598153	2
13_124	7.48398	-0.608306	2
13_125	4.76911	-0.0988266	2
13_126	11.3143	-1.40027	2
13_127	4.70706	-0.0782108	2
13_128	8.53456	-0.781111	2
13_129	3.89221	0.0251089	2
13_131	4.74472	-0.0919981	2
13_132	8.42155	-0.760055	2
13_133	7.50416	-0.612174	2
13_134	11.1249	-1.35069	2
13_135	4.44568	-0.0178677	2
13_136	4.57505	-0.044962	2
13_137	7.40857	-0.584999	2
13_138	6.79475	-0.533263	2
13_139	11.1448	-1.35196	2
13_141	3.67383	0.101051	2
13_142	6.7985	-0.508685	2
13_143	4.39272	0.00823617	2
13_144	3.71531	0.0784525	2
13_145	7.32403	-0.563558	2
13_146	4.86076	-0.0396726	2
13_147	7.47657	-0.60647	2
13_148	5.37697	-0.171274	2
13_149	9.01871	-0.832579	2
13_150	7.25494	-0.545837	2
13_151	3.72829	0.0756497	2
13_152	4.73307	-0.0917768	2
13_153	6.67279	-0.488215	2
13_154	6.73758	-0.503961	2
13_155	10.9917	-1.32356	2
13_156	9.27721	-0.896007	2
13_157	7.30975	-0.56378	2
13_158	12.7426	-1.59755	2
13_159	8.97162	-0.900802	2
13_161	4.86464	-0.13091	2
13_162	11.6112	-1.40063	2
13_163	11.8317	-1.45607	2
13_164	5.53517	-0.21171	2
13_165	4.7499	-0.109327	2
13_166	4.56494	-0.0524333	2
13_167	5.81015	-0.36609	2
13_168	7.36754	-0.574714	2
13_169	3.79995	0.0569426	2
13_170	4.70184	-0.0831702	2
13_171	7.31241	-0.560349	2
13_172	6.84946	-0.530701	2
13_173	8.10468	-0.688798	2
13_174	5.3148	-0.148886	2
13_175	8.55495	-0.792467	2
13_176	10.039	-1.16649	2
13_177	16.1847	-2.30322	2
13_178	7.46357	-0.604306	2
13_179	4.61757	-0.0627135	2
13_180	4.7772	-0.10075	2
13_181	4.7772	-0.10075	2
13_182	7.32865	-0.573546	2
13_183	3.59068	0.116972	2
13_184	4.23683	0.0411964	2
13_185	7.50241	-0.61909	2
13_186	4.81338	-0.123614	2
13_187	11.7116	-1.42829	2
13_188	3.87968	0.0382823	2
13_189	7.47642	-0.607745	2
13_190	6.54255	-0.46823	2
13_191	3.86158	0.0429951	2
13_192	14.9391	-1.92683	2
13_193	7.50383	-0.614847	2
13_194	6.78839	-0.510727	2
13_195	7.38396	-0.591435	2
13_196	4.76352	-0.103867	2
13_197	7.38539	-0.586323	2
13_198	5.3423	-0.157511	2
13_200	3.8687	0.0327885	2
13_201	4.61736	-0.0669433	2
13_202	7.48358	-0.614285	2
13_203	4.65539	-0.0665843	2
13_204	6.79291	-0.515471	2
13_205	10.6193	-1.2389	2
13_206	5.81885	-0.395725	2
13_207	7.87727	-0.629453	2
13_208	6.72788	-0.516938	2
13_209	4.47069	-0.0192207	2
13_210	7.46603	-0.603874	2
13_211	6.80572	-0.511824	2
13_212	3.80192	0.0426988	2
13_213	7.51963	-0.628552	2
13_215	6.60188	-0.477725	2
13_216	7.34349	-0.57082	2
13_217	7.79876	-0.608526	2
13_218	5.36777	-0.170716	2
13_219	5.52397	-0.210059	2
13_220	9.47027	-0.952797	2
13_221	7.41913	-0.587943	2
13_222	4.77603	-0.104504	2
13_223	9.9151	-1.15376	2
13_224	17.885	-2.5831	2
13_225	6.73241	-0.509526	2
13_226	6.74554	-0.507353	2
13_227	5.47666	-0.195432	2
13_228	6.81335	-0.512278	2
13_229	8.93252	-0.880404	2
13_230	11.7682	-1.43887	2
13_231	7.35746	-0.579489	2
13_232	4.80111	-0.115722	2
13_233	11.0113	-1.33347	2
13_234	5.32636	-0.15468	2
13_235	9.21048	-0.883419	2
13_236	7.33686	-0.575536	2
13_237	7.9547	-0.653172	2
13_238	8.11584	-0.698509	2
13_239	5.5525	-0.215561	2
13_240	3.87699	0.0403467	2
13_241	10.9831	-1.32189	2
13_242	15.0529	-2.10798	2
13_243	7.44153	-0.605479	2
13_244	6.73824	-0.510337	2
13_245	6.81964	-0.520628	2
13_246	11.6682	-1.41763	2
13_247	4.61586	-0.0556604	2
13_248	5.4598	-0.195455	2
13_249	7.34672	-0.572746	2
13_250	4.75727	-0.107836	2
13_251	4.8368	-0.124067	2
13_252	7.32569	-0.583053	2
13_253	4.42186	-0.00913581	2
13_254	7.22414	-0.544512	2
13_255	3.85404	0.0329719	2
13_256	6.56293	-0.468584	2
13_257	8.02875	-0.673247	2
13_258	7.48571	-0.616328	2
13_259	7.36005	-0.570625	2
13_260	16.2743	-2.33579	2
13_261	8.57231	-0.801392	2
13_262	7.40393	-0.589865	2
13_263	20.9855	-3.20562	2
13_264	7.40382	-0.604473	2
13_265	9.31102	-0.909849	2
13_266	9.27246	-0.899463	2
13_267	4.82007	-0.114481	2
13_268	4.8668	-0.137651	2
13_269	6.8325	-0.54056	2
13_270	11.6416	-1.40707	2
13_271	4.88581	-0.140553	2
13_272	5.55326	-0.224475	2
13_273	3.75314	0.0705577	2
13_274	7.50339	-0.625411	2
13_275	6.66039	-0.510632	2
13_276	13.3139	-1.67839	2
13_277	11.548	-1.39296	2
13_278	7.53086	-0.632091	2
13_279	6.75233	-0.530152	2
13_280	4.83693	-0.127763	2
13_281	7.80701	-0.613297	2
13_282	9.03304	-0.836239	2
13_284	11.1451	-1.35944	2
13_285	5.40937	-0.177799	2
13_286	7.39172	-0.591947	2
13_287	2.65434	0.261047	2
13_288	11.6889	-1.42758	2
13_289	3.66581	0.0930209	2
13_290	11.053	-1.34268	2
13_291	4.60933	-0.0540796	2
13_292	4.74666	-0.0939664	2
13_293	4.74666	-0.0939664	2
13_294	10.7253	-1.26823	2
13_296	10.8951	-1.30919	2
13_297	4.80804	-0.119427	2
13_298	6.18057	-0.296256	2
13_299	7.28381	-0.554163	2
13_300	5.79607	-0.362341	2
13_301	7.48337	-0.609794	2
13_302	5.67736	-0.254452	2
13_303	9.39047	-0.930751	2
13_304	6.62645	-0.48809	2
13_305	7.3094	-0.567618	2
13_306	7.48387	-0.617537	2
13_307	10.078	-1.17537	2
13_308	13.4331	-1.70987	2
13_309	7.52292	-0.62644	2
13_310	6.61942	-0.508599	2
13_311	7.5199	-0.621444	2
13_312	5.59789	-0.229984	2
13_313	12.8365	-1.63341	2
13_314	5.6381	-0.245671	2
13_315	8.00612	-0.670746	2
13_316	9.27289	-0.904323	2
13_317	5.55285	-0.217398	2
13_318	7.44271	-0.604305	2
13_319	9.5645	-0.978693	2
13_320	8.07	-0.681761	2
13_321	16.0216	-2.27099	2
13_322	15.8676	-2.23493	2
13_323	13.1793	-1.64837	2
13_324	6.79247	-0.530348	2
13_325	3.98856	-0.0119259	2
13_326	16.2674	-2.33507	2
13_327	7.34551	-0.574256	2
13_328	8.13127	-0.706955	2
13_329	16.9065	-2.42112	2
13_330	5.58705	-0.225004	2
13_331	4.76816	-0.100586	2
13_332	6.64611	-0.498915	2
13_334	4.81066	-0.121435	2
13_335	3.72488	0.0858693	2
13_336	4.94094	-0.161727	2
13_337	6.72307	-0.492911	2
13_338	3.95467	0.00159122	2
13_339	5.54654	-0.222096	2
13_340	10.8445	-1.30118	2
13_341	11.7976	-1.44947	2
13_342	6.86423	-0.544253	2
13_343	5.57853	-0.233894	2
13_344	9.37614	-0.92601	2
13_345	11.6285	-1.41133	2
13_346	7.47865	-0.613328	2
13_347	4.6662	-0.0688337	2
13_348	11.0464	-1.3412	2
13_349	7.22595	-0.551512	2
13_350	4.58203	-0.0621978	2
13_351	8.35191	-0.764858	2
13_352	21.8536	-3.34951	2
13_353	7.40388	-0.595968	2
13_354	6.76074	-0.510791	2
13_355	6.71241	-0.51295	2
13_356	7.51941	-0.635867	2
13_357	10.9895	-1.3235	2
13_358	4.79896	-0.11065	2
13_359	8.05235	-0.679207	2
13_360	9.00839	-0.918113	2
13_361	5.40045	-0.174786	2
13_362	7.37423	-0.579719	2
13_363	7.41652	-0.599206	2
13_364	11.7299	-1.43232	2
13_365	13.2709	-1.67202	2
13_366	7.55236	-0.642532	2
13_367	7.55236	-0.642532	2
13_368	7.93473	-0.648797	2
13_369	4.88319	-0.1383	2
13_370	4.88319	-0.1383	2
13_371	4.77212	-0.101024	2
13_372	7.89112	-0.634699	2
13_373	3.72976	0.0871425	2
13_375	7.46717	-0.612035	2
13_376	8.14011	-0.703892	2
13_377	16.0906	-2.29071	2
13_378	6.7962	-0.526783	2
13_379	3.80762	0.0495024	2
13_380	11.6543	-1.41566	2
13_381	4.72312	-0.0828199	2
13_382	9.67561	-0.931252	2
13_383	6.22092	-0.307599	2
13_384	8.88372	-0.879404	2
13_385	4.91689	-0.160574	2
13_386	7.51149	-0.624433	2
13_387	6.85026	-0.538455	2
13_388	12.515	-1.5596	2
13_389	11.2214	-1.38767	2
13_390	7.96361	-0.658273	2
13_391	3.8481	0.0377711	2
13_392	5.53396	-0.220431	2
13_393	5.50366	-0.208358	2
13_394	11.3342	-1.27174	2
13_396	8.00445	-0.674973	2
13_397	7.52223	-0.628547	2
13_398	7.52992	-0.62734	2
13_399	11.6351	-1.41741	2
13_400	10.9097	-1.30854	2
13_401	6.63887	-0.522802	2
13_402	8.6525	-0.822271	2
13_403	12.8629	-1.64184	2
13_404	12.4984	-1.55206	2
13_405	3.91411	0.0171938	2
13_406	7.92275	-0.644945	2
13_407	4.7451	-0.101792	2
13_408	7.32257	-0.569912	2
13_409	9.21406	-0.885436	2
13_410	4.77285	-0.105803	2
13_411	4.64719	-0.0754929	2
13_412	5.75636	-0.280924	2
13_413	11.7005	-1.43152	2
13_414	9.24083	-0.896375	2
13_415	6.68089	-0.492125	2
13_416	8.08994	-0.693331	2
13_417	7.38215	-0.589177	2
13_418	7.54643	-0.631486	2
13_419	16.7258	-2.38054	2
13_420	12.9005	-1.65258	2
13_421	5.62028	-0.243341	2
13_422	10.7576	-1.29127	2
13_423	6.62065	-0.499239	2
13_424	12.2316	-1.48983	2
13_425	4.85266	-0.133222	2
13_426	5.66216	-0.249951	2
13_427	7.54107	-0.642687	2
13_428	16.6639	-2.36718	2
13_429	6.78712	-0.524358	2
13_430	11.188	-1.37119	2
13_431	17.7154	-2.54947	2
13_432	7.49354	-0.626378	2
13_433	5.72981	-0.350825	2
13_434	12.9321	-1.6579	2
13_436	9.69151	-0.93415	2
13_437	10.6543	-1.25066	2
13_438	4.43379	-0.0035327	2
13_439	9.5701	-0.982626	2
13_440	7.49913	-0.619036	2
13_441	4.93127	-0.160109	2
13_442	12.248	-1.49012	2
13_443	5.2497	-0.135944	2
13_444	7.41506	-0.595104	2
13_445	4.89653	-0.141496	2
13_447	6.80524	-0.535464	2
13_448	7.51129	-0.625615	2
13_449	3.78945	0.0482821	2
13_450	5.38122	-0.173164	2
13_451	9.40102	-0.937286	2
13_452	8.77386	-0.858817	2
13_453	5.59869	-0.23304	2
13_454	15.8925	-2.24787	2
13_455	7.41128	-0.613503	2
13_456	8.16624	-0.71516	2
13_457	7.35024	-0.580176	2
13_458	7.89047	-0.645943	2
13_460	5.57463	-0.22981	2
13_461	6.4455	-0.447527	2
13_462	7.4794	-0.631449	2
13_463	11.6161	-1.41372	2
13_464	7.43141	-0.601959	2
13_465	7.50423	-0.625266	2
13_466	10.9652	-1.32729	2
13_467	9.01212	-0.919732	2
13_468	8.11797	-0.700228	2
13_469	4.6454	-0.0762186	2
13_470	9.33466	-0.919699	2
13_471	9.31723	-0.913114	2
13_472	9.52088	-0.975878	2
13_473	8.15091	-0.707502	2
13_474	4.81935	-0.123485	2
13_475	5.78337	-0.381443	2
13_476	4.96871	-0.169431	2
13_477	8.14973	-0.707841	2
13_478	13.4495	-1.72091	2
13_479	7.5548	-0.644135	2
13_480	12.8102	-1.63197	2
13_481	9.25012	-0.902212	2
13_482	11.6894	-1.43009	2
13_483	10.3154	-1.02638	2
13_484	9.11201	-0.863758	2
13_485	8.40177	-0.779763	2
13_486	4.77919	-0.115398	2
13_487	9.88278	-1.14416	2
13_488	21.7948	-3.33913	2
13_490	9.74137	-0.95335	2
13_491	7.56508	-0.641786	2
13_492	7.12197	-0.54182	2
13_493	7.56947	-0.656108	2
13_494	11.7165	-1.43375	2
13_495	19.8029	-2.85842	2
13_496	6.44319	-0.374088	2
13_497	7.43837	-0.608266	2
13_498	3.88168	0.0395175	2
13_499	7.51591	-0.632252	2
13_500	11.6241	-1.41358	2
13_501	15.0077	-2.10118	2
13_502	4.79368	-0.105613	2
13_503	4.79368	-0.105613	2
13_504	7.54167	-0.636769	2
13_506	5.50603	-0.211039	2
13_507	11.0419	-1.34246	2
13_508	9.67882	-1.01514	2
13_509	11.6596	-1.42178	2
13_510	7.93064	-0.65062	2
13_512	12.5506	-1.57193	2
13_513	6.51773	-0.480853	2
13_514	8.14913	-0.707942	2
13_515	13.3079	-1.69138	2
13_516	4.92865	-0.166952	2
13_517	6.61794	-0.498032	2
13_518	12.1754	-1.47791	2
13_519	5.55658	-0.218677	2
13_520	7.44655	-0.603102	2
13_521	9.48144	-0.954788	2
13_522	5.62403	-0.243924	2
13_524	11.54	-1.39746	2
13_525	11.8327	-1.46444	2
13_526	5.53745	-0.225964	2
13_527	3.96247	0.00482141	2
13_528	7.55187	-0.646462	2
13_529	9.38182	-0.936083	2
13_530	10.4772	-1.21671	2
13_531	13.2011	-1.65892	2
13_532	6.78476	-0.550567	2
13_533	11.5493	-1.3997	2
13_534	10.1123	-1.04747	2
13_535	10.7003	-1.2677	2
13_536	9.23694	-0.898024	2
13_537	7.511	-0.618353	2
13_538	13.254	-1.66565	2
13_540	7.55486	-0.637093	2
13_541	9.6457	-1.00148	2
13_542	7.51752	-0.635837	2
13_543	7.42222	-0.60745	2
13_544	5.58476	-0.23619	2
13_545	17.6755	-2.54436	2
13_546	13.1236	-1.63275	2
13_547	5.78405	-0.302287	2
13_548	15.5141	-2.15757	2
13_549	6.79379	-0.545162	2
13_550	16.7318	-2.37744	2
13_551	11.566	-1.40347	2
13_552	5.65446	-0.249529	2
13_553	6.77324	-0.51933	2
13_554	3.97905	-0.00789259	2
13_555	9.59902	-1.10502	2
13_556	6.71893	-0.51848	2
13_557	6.26466	-0.324899	2
13_558	5.71838	-0.273339	2
13_559	10.8606	-1.31053	2
13_560	7.3904	-0.610681	2
13_561	4.91478	-0.160372	2
13_562	8.11572	-0.704327	2
13_563	11.5984	-1.41047	2
13_564	4.76171	-0.105002	2
13_565	8.00765	-0.673714	2
13_566	4.85805	-0.13361	2
13_567	8.67163	-0.765573	2
13_568	7.36704	-0.608793	2
13_569	4.95946	-0.172473	2
13_570	7.53074	-0.639525	2
13_571	6.68774	-0.507375	2
13_572	9.03182	-0.929246	2
13_573	7.42264	-0.612636	2
13_574	5.63722	-0.246991	2
13_575	14.638	-2.02417	2
13_576	8.77418	-0.863811	2
13_577	16.5934	-2.34601	2
13_578	7.58218	-0.649465	2
13_579	6.81734	-0.51424	2
13_580	8.07277	-0.690437	2
13_581	8.12588	-0.709295	2
13_582	7.47399	-0.604578	2
13_583	8.92748	-0.890608	2
13_584	4.5877	-0.0486784	2
13_585	12.9839	-1.67398	2
13_586	13.1817	-1.64891	2
13_587	5.73057	-0.276403	2
13_588	7.51175	-0.629181	2
13_589	9.3662	-0.930228	2
13_590	23.4369	-3.61128	1
13_591	8.16451	-0.722712	2
13_592	9.40582	-0.941141	2
13_593	6.81573	-0.529057	2
13_594	5.35837	-0.166705	2
13_595	9.54774	-0.982142	2
13_596	11.2768	-1.34234	2
13_597	15.9449	-2.26042	2
13_598	9.62977	-1.00166	2
13_599	7.33284	-0.582046	2
13_600	11.0123	-1.34336	2
13_601	11.4503	-1.37132	2
13_602	6.67159	-0.533663	2
13_603	6.77272	-0.535526	2
13_604	20.5347	-3.10194	2
13_605	8.18844	-0.731863	2
13_606	5.55826	-0.224534	2
13_608	8.15993	-0.716685	2
13_609	8.15993	-0.716685	2
13_611	15.4049	-1.98579	2
13_612	7.95738	-0.657644	2
13_613	8.09672	-0.697381	2
13_614	9.88187	-0.986063	2
13_615	10.942	-1.32618	2
13_616	9.85073	-0.985807	2
13_617	7.52087	-0.64078	2
13_618	3.82892	0.0402926	2
13_619	4.77933	-0.111802	2
13_621	6.64081	-0.502634	2
13_622	7.56384	-0.647724	2
13_623	10.7482	-1.27827	2
13_624	9.52809	-0.978948	2
13_625	5.68064	-0.261855	2
13_626	12.6895	-1.60146	2
13_627	8.14398	-0.717775	2
13_628	11.042	-1.34939	2
13_629	10.6299	-1.26577	2
13_630	13.2943	-1.67862	2
13_631	10.0769	-1.04405	2
13_632	8.12829	-0.711611	2
13_633	27.045	-4.27477	1
13_634	16.1366	-2.31238	2
13_635	7.49787	-0.647796	2
13_636	7.50446	-0.623255	2
13_637	7.45443	-0.625986	2
13_638	21.7408	-3.33006	2
13_639	12.1746	-1.48428	2
13_640	18.1676	-2.59505	2
13_641	7.50356	-0.631257	2
13_642	9.3243	-0.921367	2
13_643	7.41261	-0.624405	2
13_644	4.99169	-0.186646	2
13_645	7.4154	-0.614085	2
13_646	9.66298	-1.01738	2
13_647	11.7223	-1.43748	2
13_648	7.52293	-0.64482	2
13_649	16.2695	-2.34282	2
13_650	6.10844	-0.293685	2
13_651	8.13771	-0.706405	2
13_652	5.71698	-0.274648	2
13_653	8.17228	-0.724991	2
13_654	10.0537	-1.03101	2
13_655	11.5013	-1.39161	2
13_656	13.152	-1.64259	2
13_657	11.2298	-1.24563	2
13_658	15.6821	-2.20281	2
13_659	6.43631	-0.372972	2
13_660	12.2157	-1.48946	2
13_661	11.1702	-1.36944	2
13_662	7.49662	-0.639837	2
13_663	15.0404	-2.11896	2
13_664	11.5288	-1.402	2
13_665	6.70422	-0.498365	2
13_666	7.44514	-0.611163	2
13_667	9.82946	-1.13839	2
13_668	5.67201	-0.333422	2
13_669	6.41451	-0.443655	2
13_670	3.6987	0.092866	2
13_671	4.93016	-0.151508	2
13_672	4.9023	-0.143241	2
13_673	5.70117	-0.367145	2
13_674	3.81585	0.0423803	2
13_675	2.53273	0.284486	2
13_676	9.4875	-0.962053	2
13_677	7.49109	-0.624708	2
13_678	9.37786	-0.93871	2
13_679	11.6523	-1.42364	2
13_681	11.5117	-1.39688	2
13_682	11.5265	-1.39931	2
13_683	7.55102	-0.652866	2
13_684	13.2171	-1.6649	2
13_685	17.7219	-2.55685	2
13_686	7.39376	-0.583206	2
13_687	18.1723	-2.59839	2
13_688	11.6639	-1.43019	2
13_689	8.0083	-0.672242	2
13_690	9.90332	-0.995372	2
13_691	8.06138	-0.688575	2
13_692	16.5772	-2.35462	2
13_693	7.54706	-0.638608	2
13_694	5.62291	-0.243608	2
13_695	9.35696	-0.924226	2
13_696	6.74324	-0.544196	2
13_697	9.03113	-0.942141	2
13_698	9.57818	-0.991378	2
13_699	12.7048	-1.60609	2
13_700	13.231	-1.67039	2
13_701	8.79239	-0.804793	2
13_702	21.5223	-3.27941	2
13_703	10.5324	-1.25098	2
13_704	5.84652	-0.316205	2
13_705	7.52131	-0.644893	2
13_706	8.13766	-0.715904	2
13_707	11.625	-1.42291	2
13_708	7.53527	-0.65097	2
13_709	4.83472	-0.125034	2
13_710	5.68115	-0.257105	2
13_711	7.54207	-0.64802	2
13_712	11.6243	-1.42232	2
13_714	8.24295	-0.748976	2
13_715	5.03876	-0.198284	2
13_716	11.9042	-1.48542	2
13_717	7.46828	-0.63477	2
13_718	16.6151	-2.35514	2
13_719	11.4831	-1.38569	2
13_720	6.53168	-0.515139	2
13_721	9.37158	-0.934504	2
13_722	4.88394	-0.148339	2
13_723	4.7998	-0.111784	2
13_724	13.1727	-1.65096	2
13_725	15.6386	-2.1987	2
13_726	11.2362	-1.24901	2
13_727	13.2909	-1.68341	2
13_728	16.5918	-2.35048	2
13_729	6.84149	-0.545072	2
13_730	9.4891	-0.970266	2
13_731	5.51922	-0.215059	2
13_732	8.44027	-0.808003	2
13_733	7.47363	-0.623308	2
13_734	10.7658	-1.29032	2
13_735	5.803	-0.303721	2
13_736	12.7821	-1.635	2
13_737	11.975	-1.44267	2
13_738	11.4452	-1.37604	2
13_739	14.2847	-1.78896	2
13_740	7.54241	-0.656391	2
13_741	4.43868	-0.00678879	2
13_742	8.04477	-0.685198	2
13_743	9.4062	-0.947397	2
13_744	16.8647	-2.42108	2
13_745	5.70689	-0.265737	2
13_746	8.19569	-0.740684	2
13_747	8.08924	-0.701512	2
13_748	21.5476	-3.28827	2
13_749	12.6759	-1.59689	2
13_750	10.6122	-1.26908	2
13_751	3.97395	-0.00628188	2
13_752	4.90324	-0.152451	2
13_753	13.6602	-1.70167	2
13_754	6.70636	-0.533022	2
13_755	22.3627	-3.41421	2
13_756	10.7997	-1.29839	2
13_757	7.52318	-0.634763	2
13_758	7.57243	-0.654625	2
13_759	4.76868	-0.101002	2
13_760	5.72465	-0.275781	2
13_761	8.74221	-0.794593	2
13_763	8.19606	-0.738101	2
13_764	6.41072	-0.370465	2
13_765	7.49626	-0.61584	2
13_766	6.78026	-0.518852	2
13_767	9.53992	-0.982086	2
13_768	15.2065	-2.01024	2
13_769	7.42784	-0.609052	2
13_770	11.4888	-1.39255	2
13_771	6.81521	-0.544211	2
13_772	10.9379	-1.32453	2
13_773	16.0927	-2.30252	2
13_774	12.3827	-1.53592	2
13_775	11.6382	-1.4248	2
13_776	8.18972	-0.725062	2
13_777	15.9437	-2.26376	2
13_778	17.7058	-2.55839	2
13_779	13.2853	-1.68056	2
13_780	6.83391	-0.561584	2
13_781	8.17292	-0.724792	2
13_782	7.47	-0.608365	2
13_783	10.1323	-1.06133	2
13_784	13.4062	-1.714	2
13_785	12.2993	-1.51746	2
13_787	28.0076	-4.45321	1
13_788	18.1511	-2.59472	2
13_789	14.5341	-1.85589	2
13_790	8.44802	-0.809259	2
13_791	10.2099	-1.07602	2
13_792	10.8981	-1.32157	2
13_793	15.7436	-2.22229	2
13_794	8.1927	-0.731056	2
13_795	8.17963	-0.722174	2
13_796	13.2062	-1.66339	2
13_797	12.1546	-1.48311	2
13_798	6.72749	-0.516982	2
13_799	7.52882	-0.653317	2
13_800	7.99672	-0.66758	2
13_801	7.56109	-0.644798	2
13_802	10.1302	-1.05407	2
13_803	9.00202	-0.936724	2
13_804	15.9623	-2.2677	2
13_805	12.7727	-1.63417	2
13_806	5.01619	-0.193024	2
13_807	16.4723	-2.32396	2
13_808	8.14566	-0.717666	2
13_809	7.47499	-0.637629	2
13_810	9.46472	-0.957622	2
13_811	11.5104	-1.39623	2
13_812	7.49235	-0.627455	2
13_813	4.92959	-0.15799	2
13_814	7.46192	-0.652463	2
13_815	11.654	-1.42834	2
13_816	13.2925	-1.68238	2
13_817	12.3262	-1.5274	2
13_818	6.43387	-0.374349	2
13_819	13.3426	-1.70016	2
13_820	9.52542	-0.971237	2
13_821	10.0908	-1.04895	2
13_822	7.54158	-0.648356	2
13_823	5.79354	-0.302793	2
13_824	8.17473	-0.734102	2
13_825	4.93316	-0.162843	2
13_826	7.55582	-0.654275	2
13_827	9.61249	-1.00267	2
13_828	13.1483	-1.64535	2
13_829	3.92236	0.00557502	2
13_830	9.6423	-1.01245	2
13_831	7.55057	-0.65884	2
13_833	14.8109	-1.91251	2
13_834	6.23023	-0.318231	2
13_835	8.08403	-0.699964	2
13_837	10.9622	-1.32467	2
13_838	8.85391	-0.876969	2
13_839	5.62327	-0.249381	2
13_840	21.6693	-3.31835	2
13_841	17.4188	-2.48174	2
13_842	22.1458	-3.36512	2
13_843	11.7409	-1.44692	2
13_844	7.4646	-0.639555	2
13_845	7.56566	-0.639579	2
13_846	17.1757	-2.42497	2
13_847	6.66409	-0.508071	2
13_848	11.4656	-1.38851	2
13_850	6.57741	-0.488132	2
13_851	11.305	-1.3491	2
13_852	9.90386	-0.999908	2
13_853	16.0197	-2.21674	2
13_854	15.6613	-2.05551	2
13_855	17.3435	-2.46551	2
13_856	8.16262	-0.719245	2
13_857	7.56471	-0.643567	2
13_858	12.237	-1.50146	2
13_859	11.4389	-1.38795	2
13_860	7.32403	-0.598737	2
13_861	9.96604	-1.01283	2
13_862	11.579	-1.41413	2
13_863	13.2588	-1.68035	2
13_864	9.49853	-0.965442	2
13_865	16.4433	-2.31816	2
13_866	12.3346	-1.52679	2
13_867	6.5733	-0.495061	2
13_869	8.23946	-0.753817	2
13_871	10.5602	-1.251	2
13_872	11.2668	-1.25873	2
13_873	15.5958	-2.18569	2
13_874	8.21595	-0.73765	2
13_875	9.72438	-1.02084	2
13_876	7.597	-0.658236	2
13_877	9.38543	-0.962191	2
13_878	10.2067	-1.08123	2
13_879	10.5299	-1.25926	2
13_881	8.8774	-0.892359	2
13_882	9.0404	-0.932011	2
13_883	7.53218	-0.642432	2
13_884	8.15247	-0.715696	2
13_885	14.5474	-1.86237	2
13_886	5.64934	-0.346165	2
13_887	9.49833	-0.974013	2
13_888	9.70612	-1.02888	2
13_889	16.3599	-2.30403	2
13_890	11.3947	-1.3645	2
13_891	11.4479	-1.38296	2
13_892	7.99385	-0.676324	2
13_893	7.30986	-0.575177	2
13_894	7.8576	-0.64388	2
13_895	4.81776	-0.0342602	2
13_896	7.40934	-0.608728	2
13_897	7.49522	-0.63837	2
13_898	5.29848	-0.153899	2
13_899	7.53633	-0.662541	2
13_900	5.58434	-0.239139	2
13_901	4.90363	-0.145719	2
13_902	5.0907	-0.226233	2
13_903	5.8182	-0.307042	2
13_904	19.435	-2.76895	2
13_905	12.0931	-1.4711	2
13_906	9.75348	-1.11679	2
13_907	12.7543	-1.6216	2
13_908	13.651	-1.70488	2
13_909	9.58102	-0.994165	2
13_910	8.21806	-0.741963	2
13_911	6.68132	-0.524899	2
13_912	7.31439	-0.599035	2
13_913	14.8716	-1.92816	2
13_914	23.0654	-3.51846	1
13_915	13.2244	-1.67141	2
13_916	15.5226	-2.17349	2
13_917	17.7184	-2.56117	2
13_918	11.4925	-1.32278	2
13_919	7.45739	-0.660879	2
13_920	9.66915	-1.01932	2
13_921	9.68502	-1.02362	2
13_922	10.7427	-1.28678	2
13_923	6.43316	-0.460344	2
13_924	6.6352	-0.52247	2
13_925	8.94276	-0.920613	2
13_926	16.6738	-2.37966	2
13_927	17.9908	-2.56371	2
13_928	13.2466	-1.68159	2
13_929	8.68804	-0.779125	2
13_930	10.0832	-1.04374	2
13_931	9.04169	-0.944336	2
13_932	10.4027	-1.20451	2
13_933	16.5223	-2.33919	2
13_934	8.21358	-0.740767	2
13_935	10.5767	-1.25212	2
13_936	4.84799	-0.142209	2
13_937	13.0392	-1.63014	2
13_938	12.7552	-1.63201	2
13_939	12.6482	-1.60758	2
13_940	10.2276	-1.08869	2
13_941	5.72389	-0.277228	2
13_942	9.64444	-1.10961	2
13_943	21.3307	-3.23292	2
13_944	17.6364	-2.54604	2
13_945	15.5875	-2.18451	2
13_947	11.3653	-1.38105	2
13_948	14.698	-2.04117	2
13_949	8.09609	-0.703173	2
13_950	9.55641	-0.991813	2
13_951	13.194	-1.66628	2
13_952	19.4962	-2.78546	2
13_953	12.2576	-1.50659	2
13_954	9.54521	-0.985449	2
13_955	8.20266	-0.733123	2
13_956	13.7653	-1.73652	2
13_957	5.75879	-0.283079	2
13_958	20.6131	-3.13261	2
13_959	7.57316	-0.668048	2
13_960	9.67571	-1.02747	2
13_961	7.95734	-0.684265	2
13_962	7.20764	-0.577201	2
13_963	13.05	-1.6292	2
13_964	21.9248	-3.10811	2
13_965	7.35491	-0.606535	2
13_966	6.43422	-0.373427	2
13_967	11.0107	-1.28799	2
13_968	13.3233	-1.69414	2
13_969	27.7097	-4.37488	1
13_970	8.23622	-0.753568	2
13_971	5.75002	-0.285614	2
13_972	12.0708	-1.46668	2
13_973	10.1236	-1.0584	2
13_974	7.38744	-0.627498	2
13_975	16.3447	-2.29846	2
13_976	10.3257	-1.20203	2
13_977	8.23232	-0.740473	2
13_978	7.44056	-0.634863	2
13_979	7.58819	-0.682265	2
13_980	18.1547	-2.60243	2
13_981	5.53822	-0.224442	2
13_982	9.66549	-1.03347	2
13_983	17.992	-2.55536	2
13_984	11.1935	-1.33118	2
13_985	10.2404	-1.09099	2
13_986	11.7799	-1.46026	2
13_987	24.8607	-3.75763	1
13_988	15.3043	-2.12185	2
13_989	9.62072	-1.01363	2
13_990	8.22246	-0.732694	2
13_991	7.50443	-0.646134	2
13_992	13.7462	-1.73312	2
13_993	12.2346	-1.50627	2
13_994	12.3884	-1.5457	2
13_995	8.15984	-0.729695	2
13_996	9.24796	-1.05305	2
13_997	13.2797	-1.68595	2
13_998	16.2417	-2.20749	2
13_999	7.45238	-0.627034	2
13_1000	8.04159	-0.684813	2
13_1001	11.3544	-1.36803	2
13_1002	7.46852	-0.621799	2
13_1003	21.1307	-3.19349	2
13_1004	16.1008	-2.24346	2
13_1006	11.5089	-1.40296	2
13_1007	11.4427	-1.31388	2
13_1008	9.5068	-0.985163	2
13_1009	10.1394	-1.06391	2
13_1010	8.03274	-0.69148	2
13_1011	9.34054	-0.953004	2
13_1012	13.2151	-1.67902	2
13_1013	14.1991	-1.94497	2
13_1014	7.5074	-0.648942	2
13_1015	11.3788	-1.3683	2
13_1016	11.9192	-1.36224	2
13_1017	22.0965	-3.35012	2
13_1018	10.3611	-1.22344	2
13_1019	16.3007	-2.28679	2
13_1020	11.6636	-1.43714	2
13_1022	13.345	-1.70505	2
13_1023	17.3616	-2.47441	2
13_1024	9.58615	-1.00634	2
13_1025	6.70882	-0.533235	2
13_1026	8.69417	-0.780301	2
13_1027	5.01038	-0.192068	2
13_1028	11.5187	-1.40714	2
13_1029	13.2539	-1.68422	2
13_1030	8.93462	-0.933853	2
13_1031	20.0539	-3.00361	2
13_1032	13.2085	-1.67715	2
13_1033	8.16493	-0.730218	2
13_1034	5.67862	-0.276583	2
13_1035	6.4794	-0.390094	2
13_1036	7.52061	-0.667041	2
13_1037	10.109	-1.0547	2
13_1038	11.3437	-1.36591	2
13_1039	15.3202	-2.12921	2
13_1040	10.2204	-1.08518	2
13_1041	9.57618	-0.991747	2
13_1042	7.48056	-0.650344	2
13_1044	6.81716	-0.545309	2
13_1045	10.8485	-1.30907	2
13_1046	13.6412	-1.71181	2
13_1047	10.6199	-1.27418	2
13_1048	23.0378	-3.5162	1
13_1049	26.614	-4.18182	1
13_1050	11.4305	-1.38625	2
13_1051	16.4454	-2.32418	2
13_1052	12.5909	-1.59841	2
13_1053	7.53766	-0.657652	2
13_1054	8.77132	-0.808545	2
13_1055	21.128	-3.18848	2
13_1056	19.9659	-2.83122	2
13_1057	10.0841	-1.05274	2
13_1058	7.51697	-0.642919	2
13_1059	9.55479	-0.994836	2
13_1061	11.3886	-1.37138	2
13_1062	33.6327	-5.41248	2
13_1063	7.5803	-0.657545	2
13_1064	9.62589	-1.01195	2
13_1065	13.2298	-1.67401	2
13_1066	11.4923	-1.32441	2
13_1067	14.7153	-1.89847	2
13_1068	6.70477	-0.53293	2
13_1069	13.1694	-1.66341	2
13_1070	8.96683	-0.942557	2
13_1071	17.947	-2.54841	2
13_1072	10.7963	-1.30478	2
13_1073	16.5703	-2.35218	2
13_1074	18.0257	-2.56763	2
13_1075	15.663	-2.20768	2
13_1076	29.1141	-4.58964	1
13_1077	8.21441	-0.747171	2
13_1078	17.8554	-2.53625	2
13_1081	8.78453	-0.814672	2
13_1082	12.6628	-1.61288	2
13_1083	8.16884	-0.72875	2
13_1084	21.5422	-3.29248	2
13_1085	17.4231	-2.49275	2
13_1086	9.63644	-1.02853	2
13_1087	13.2096	-1.67598	2
13_1088	27.5131	-4.33087	1
13_1089	8.17151	-0.728494	2
13_1090	12.0772	-1.47519	2
13_1091	11.5919	-1.4228	2
13_1092	7.41956	-0.629861	2
13_1093	10.2063	-1.09018	2
13_1094	8.20146	-0.752057	2
13_1095	8.10979	-0.720331	2
13_1096	6.7095	-0.554274	2
13_1097	13.2552	-1.68263	2
13_1098	9.6773	-1.02902	2
13_1099	11.8261	-1.4151	2
13_1100	10.6349	-1.27521	2
13_1101	12.6228	-1.60529	2
13_1102	13.2608	-1.6892	2
13_1103	14.7373	-1.90577	2
13_1104	21.5204	-3.28856	2
13_1105	12.0193	-1.46249	2
13_1106	23.5207	-3.56357	1
13_1107	15.6614	-2.2072	2
13_1108	15.768	-2.157	2
13_1109	7.51517	-0.669107	2
13_1110	13.6836	-1.72852	2
13_1111	23.0098	-3.51263	1
13_1112	8.22452	-0.747813	2
13_1113	16.0255	-2.29157	2
13_1114	11.3666	-1.37279	2
13_1115	9.64548	-1.00945	2
13_1116	8.99405	-0.930664	2
13_1117	16.8946	-2.36847	2
13_1118	16.2753	-2.28547	2
13_1119	15.7961	-2.09551	2
13_1120	17.0332	-2.25996	2
13_1121	9.57859	-1.01886	2
13_1122	11.6974	-1.43906	2
13_1123	12.2088	-1.49656	2
13_1124	13.2803	-1.69041	2
13_1125	16.2561	-2.20699	2
13_1126	11.4292	-1.39368	2
13_1127	21.922	-3.32019	2
13_1128	11.1175	-1.33534	2
13_1129	10.3963	-1.23613	2
13_1130	16.029	-2.22792	2
13_1131	8.11758	-0.710232	2
13_1132	11.1972	-1.34408	2
13_1133	7.44286	-0.635289	2
13_1134	8.01191	-0.703172	2
13_1135	7.48677	-0.669117	2
13_1136	5.61724	-0.265552	2
13_1137	9.65809	-1.0224	2
13_1138	10.1013	-1.05304	2
13_1139	16.7292	-2.39645	2
13_1140	8.04518	-0.712136	2
13_1141	8.97097	-0.943099	2
13_1142	12.5974	-1.60168	2
13_1143	15.354	-2.14164	2
13_1144	11.4675	-1.32107	2
13_1145	17.5168	-2.51442	2
13_1146	9.63953	-1.03306	2
13_1147	17.4437	-2.49865	2
13_1148	18.1556	-2.60598	2
13_1149	14.7004	-1.90136	2
13_1150	20.0328	-2.92516	2
13_1151	12.1952	-1.49915	2
13_1152	16.0858	-2.24774	2
13_1153	19.2	-2.72148	2
13_1155	21.1503	-3.19736	2
13_1156	7.45632	-0.65623	2
13_1157	13.2289	-1.68393	2
13_1158	16.4329	-2.32546	2
13_1159	11.2432	-1.35106	2
13_1160	21.8574	-3.29963	2
13_1161	27.5402	-4.34106	1
13_1162	6.60269	-0.512038	2
13_1163	10.5279	-1.23963	2
13_1164	9.67147	-1.02017	2
13_1165	17.942	-2.55273	2
13_1166	10.041	-1.03523	2
13_1167	12.7623	-1.63127	2
13_1168	16.1769	-2.26589	2
13_1169	13.4547	-1.73163	2
13_1170	13.2168	-1.68166	2
13_1172	7.35926	-0.620706	2
13_1173	11.1336	-1.31702	2
13_1174	10.2453	-1.09913	2
13_1175	10.4678	-1.24584	2
13_1176	15.3834	-2.14308	2
13_1177	21.1432	-3.19404	2
13_1178	34.2667	-5.50079	1
13_1179	10.2188	-1.08817	2
13_1180	13.3348	-1.70503	2
13_1181	12.7474	-1.63581	2
13_1183	9.67543	-1.03399	2
13_1184	15.7828	-2.16164	2
13_1185	20.0419	-2.92909	2
13_1186	13.184	-1.67285	2
13_1187	28.1726	-4.4233	1
13_1188	17.8516	-2.53182	2
13_1189	22.1822	-3.38354	2
13_1190	17.21	-2.44793	2
13_1191	10.2682	-1.21762	2
13_1192	13.7596	-1.74197	2
13_1193	14.7357	-1.90741	2
13_1194	9.65403	-1.03494	2
13_1195	12.2892	-1.54689	2
13_1196	17.2867	-2.32888	2
13_1197	23.4287	-3.54609	1
13_1198	13.1659	-1.67329	2
13_1199	15.2046	-2.11212	2
13_1200	12.3211	-1.54933	2
13_1201	17.8923	-2.54274	2
13_1202	18.02	-2.5715	2
13_1203	7.97605	-0.698914	2
13_1204	17.1166	-2.4262	2
13_1205	11.6223	-1.37134	2
13_1206	26.402	-4.13453	1
13_1207	19.979	-2.98385	2
13_1208	14.3335	-1.96043	2
13_1209	15.1719	-2.09395	2
13_1210	12.6492	-1.6099	2
13_1211	14.1976	-1.93577	2
13_1212	9.38375	-1.04797	2
13_1214	9.0268	-0.942024	2
13_1215	5.28796	-0.272834	2
13_1216	6.29886	-0.435896	2
13_1217	7.15831	-0.570042	2
13_1218	9.27894	-1.04401	2
13_1219	21.0305	-3.17228	2
13_1220	15.3757	-2.07249	2
13_1221	20.3427	-2.93275	2
13_1222	12.2488	-1.54019	2
13_1223	11.536	-1.33515	2
13_1224	11.0976	-1.32611	2
13_1225	9.69355	-1.03588	2
13_1226	13.1938	-1.67751	2
13_1227	12.5952	-1.60327	2
13_1228	17.3758	-2.48589	2
13_1229	22.9318	-3.49878	1
13_1230	15.9164	-2.2062	2
13_1231	13.8125	-1.75637	2
13_1232	21.569	-3.23271	2
13_1233	17.0122	-2.406	2
13_1234	27.4731	-4.32805	1
13_1235	19.6783	-2.83841	2
13_1236	10.1086	-1.19338	2
13_1237	18.9188	-2.66301	2
13_1238	11.1441	-1.17904	2
13_1239	22.7992	-3.46069	1
13_1240	14.6945	-1.90353	2
13_1241	11.9175	-1.36539	2
13_1242	17.2408	-2.45676	2
13_1243	13.3212	-1.70771	2
13_1244	11.5492	-1.34448	2
13_1245	7.74897	-0.645088	2
13_1246	16.2445	-2.20901	2
13_1247	14.962	-2.06654	2
13_1248	22.6508	-3.42608	1
13_1249	20.3602	-2.93931	2
13_1250	10.9341	-1.27829	2
13_1251	15.7525	-2.16975	2
13_1252	20.7029	-3.09669	2
13_1253	19.7381	-2.85233	2
13_1254	10.177	-1.18455	2
13_1255	15.0562	-2.07297	2
13_1256	20.8108	-3.11949	2
13_1257	27.1718	-4.25644	1
13_1258	27.1199	-4.23739	1
13_1259	24.9274	-3.77372	1
13_1260	28.8352	-4.51852	1
13_1261	13.6893	-1.84224	2
13_1262	15.4206	-2.083	2
13_1263	23.1259	-3.40357	1
13_1264	19.4552	-2.86988	2
13_1265	10.2637	-1.10813	2
13_1266	13.6247	-1.71939	2
13_1267	33.9511	-5.41704	2
13_1268	25.9741	-4.03035	1
13_1269	19.7316	-2.85284	2
13_1271	33.0166	-5.26164	2
13_1272	17.8227	-2.52985	2
13_1273	23.2204	-3.50193	1
13_1274	24.9344	-3.77721	1
13_1275	40.3407	-6.49427	1
13_1276	27.3852	-4.09702	1
13_1277	12.1998	-1.53034	2
13_1278	16.9627	-2.39655	2
13_1279	30.5817	-4.73826	2
13_1280	22.5871	-3.4144	1
13_1281	28.7674	-4.50539	1
13_1282	27.5264	-4.27533	1
13_1283	21.316	-3.17721	2
13_1284	16.0838	-2.18766	2
13_1285	15.6758	-2.15625	2
13_1286	11.4103	-1.32864	2
13_1287	8.04991	-0.658646	2
13_1288	10.8919	-1.2845	2
13_1289	35.2177	-5.59047	1
13_1290	14.5984	-1.98878	2
13_1291	20.3399	-3.01714	2
13_1292	26.793	-4.16379	1
13_1293	33.7172	-5.3641	2
13_1294	40.8632	-6.54703	1
13_1296	32.0685	-5.02794	2
13_1297	24.8994	-3.77874	1
13_1298	18.3724	-2.63385	2
13_1299	12.6775	-1.64154	2
13_1300	47.4346	-7.58353	1
13_1301	55.1619	-8.75119	1
