6_4	-10.4564	-4.54157	1
7_11	-15.7556	-2.00256	2
8_4	-8.75709	-3.66447	2
8_6	-10.1834	-3.98851	2
8_7	-9.14399	-4.14266	1
8_8	-9.18558	-4.16877	1
8_9	-10.8757	-4.16266	2
8_12	-10.3982	-4.42	2
8_13	-10.1214	-4.47117	2
8_19	-13.3554	-4.1544	2
8_20	-9.96284	-4.1189	2
8_21	-12.9527	-4.63532	2
8_22	-15.5453	-3.79573	2
8_23	-17.4507	-1.3467	2
9_1	-6.43042	-2.79899	1
9_3	-8.49516	-3.69338	2
9_4	-7.70458	-3.43297	1
9_5	-9.76307	-3.9812	2
9_7	-8.59832	-3.80653	1
9_8	-8.68784	-3.86589	1
9_9	-10.1862	-3.80985	2
9_10	-8.66781	-3.86789	1
9_11	-7.63404	-3.40024	1
9_14	-9.51238	-4.18897	1
9_15	-8.75091	-3.97136	1
9_16	-11.9384	-3.94298	1
9_17	-10.5387	-4.35366	2
9_18	-8.70727	-3.92497	1
9_20	-9.67657	-4.05081	1
9_21	-10.5789	-4.4045	2
9_22	-10.6041	-4.4359	2
9_23	-11.3656	-3.94134	2
9_24	-9.65782	-4.35942	2
9_25	-12.4975	-4.03391	1
9_26	-8.70073	-3.927	1
9_27	-10.5428	-4.42973	2
9_29	-11.18	-4.4921	2
9_30	-9.68065	-4.13095	2
9_32	-12.2337	-4.53139	1
9_33	-14.5385	-3.86751	2
9_34	-9.62319	-4.32447	2
9_35	-10.6491	-4.523	2
9_36	-11.182	-4.54656	1
9_37	-12.8544	-4.568	2
9_38	-12.0538	-4.66874	1
9_39	-10.6101	-4.56262	2
9_40	-12.8858	-4.67432	2
9_41	-13.4629	-3.86423	2
9_42	-14.9414	-3.7226	2
9_43	-9.02035	-3.59079	2
9_44	-11.9111	-4.40576	1
9_47	-19.1457	-0.69084	2
10_1	-6.32695	-2.72292	1
10_3	-8.17542	-3.54462	2
10_5	-9.31827	-3.81408	1
10_6	-7.44273	-3.28365	1
10_7	-8.31125	-3.69482	2
10_8	-7.38609	-3.2235	1
10_9	-9.91699	-3.94141	2
10_11	-8.29616	-3.65456	2
10_13	-8.27177	-3.67306	2
10_14	-8.31476	-3.66815	1
10_16	-9.0282	-3.89092	2
10_17	-9.96393	-4.04879	2
10_18	-11.4666	-4.04872	2
10_23	-9.97591	-4.08164	2
10_24	-10.6976	-3.65322	2
10_25	-10.0244	-4.14105	2
10_26	-9.99181	-4.10938	2
10_27	-7.42804	-3.28827	1
10_28	-8.32685	-3.71602	1
10_29	-9.19537	-4.12719	1
10_31	-11.7499	-3.75672	2
10_32	-9.21242	-4.14607	1
10_33	-8.28725	-3.7049	2
10_34	-8.36143	-3.7509	1
10_35	-9.94644	-4.11604	2
10_36	-10.5485	-4.26082	2
10_37	-9.2226	-4.15822	1
10_38	-10.0744	-4.27691	2
10_39	-10.584	-4.27636	2
10_41	-10.0369	-4.17533	2
10_43	-10.0244	-4.1878	2
10_44	-8.32143	-3.72774	1
10_46	-12.1224	-4.34603	1
10_47	-9.15235	-4.09055	1
10_48	-10.1199	-4.34982	2
10_49	-9.1392	-4.04643	1
10_50	-13.6055	-3.67359	1
10_51	-11.2255	-4.36608	2
10_52	-9.89477	-4.37836	2
10_53	-10.6258	-4.35244	2
10_55	-10.1278	-4.36727	2
10_56	-12.1261	-4.40257	1
10_57	-10.7739	-4.53948	2
10_58	-10.1224	-4.34421	2
10_59	-12.6256	-3.77552	1
10_60	-9.18217	-4.16077	1
10_61	-12.1856	-4.4722	1
10_63	-8.27934	-3.66709	2
10_65	-11.4201	-4.2218	2
10_66	-10.7639	-4.55689	2
10_68	-11.4051	-4.48464	1
10_70	-9.24633	-4.20746	1
10_71	-8.20476	-3.62818	2
10_72	-11.7019	-4.34702	2
10_73	-10.7765	-4.58682	2
10_74	-9.10601	-4.02826	1
10_75	-12.5771	-4.38738	1
10_76	-10.0762	-4.34968	2
10_77	-10.068	-4.35131	2
10_78	-12.0926	-4.47032	1
10_79	-9.97717	-4.2704	2
10_80	-8.99265	-3.7643	2
10_81	-11.484	-4.66924	1
10_82	-10.7125	-4.46536	2
10_83	-12.2384	-4.66647	1
10_84	-11.4805	-4.4139	2
10_85	-11.8258	-4.46558	1
10_86	-13.9599	-4.35519	1
10_87	-12.2113	-4.55444	1
10_89	-16.1858	-3.36128	2
10_91	-11.5416	-4.71909	1
10_93	-10.7459	-4.59145	2
10_94	-12.5332	-4.47224	2
10_95	-13.2345	-4.54322	1
10_96	-9.90753	-4.23842	2
10_97	-14.0872	-3.54645	2
10_98	-12.2003	-4.69618	1
10_99	-14.8245	-3.49335	2
10_100	-14.4804	-4.41262	1
10_101	-16.519	-3.19467	2
10_102	-10.9039	-3.99355	2
10_103	-13.7578	-4.38203	1
10_104	-16.4443	-3.92121	2
10_105	-18.8269	-2.48941	2
10_106	-20.8408	-0.0349804	2
11_2	-7.2291	-3.14339	1
11_3	-7.88734	-3.36856	2
11_4	-7.26264	-3.17566	1
11_5	-8.92405	-3.62121	2
11_6	-8.03488	-3.54562	1
11_7	-7.24294	-3.16314	1
11_8	-9.53569	-3.82429	2
11_9	-7.24939	-3.17304	1
11_10	-8.0805	-3.5705	1
11_11	-8.03274	-3.54388	1
11_12	-8.01016	-3.53211	1
11_13	-7.23168	-3.15402	1
11_14	-8.05465	-3.55126	1
11_15	-8.97678	-3.7697	2
11_16	-7.97775	-3.43562	1
11_17	-8.76695	-3.83615	1
11_18	-9.65541	-4.00916	1
11_19	-10.9403	-3.93504	2
11_20	-8.07439	-3.5931	1
11_21	-8.07439	-3.5931	1
11_23	-10.5027	-3.88856	1
11_25	-9.67893	-4.04983	1
11_26	-8.09574	-3.60009	1
11_27	-9.57643	-3.91181	2
11_28	-8.79365	-3.88724	2
11_29	-9.62619	-4.02574	2
11_30	-11.4254	-3.96799	2
11_31	-7.24514	-3.17949	1
11_32	-8.02142	-3.52557	1
11_33	-8.95118	-3.76217	1
11_34	-9.59537	-3.9355	2
11_35	-7.98241	-3.53343	1
11_36	-8.8086	-3.89745	2
11_37	-8.76252	-3.89919	1
11_38	-10.0382	-3.99186	2
11_39	-8.09117	-3.61068	1
11_40	-8.09117	-3.61068	1
11_41	-9.61118	-4.03402	2
11_42	-9.59679	-4.04024	2
11_44	-10.0775	-4.01841	2
11_45	-8.82578	-3.61567	2
11_46	-7.19567	-3.14191	1
11_47	-9.59549	-4.00986	2
11_48	-8.08146	-3.58693	1
11_49	-8.86834	-3.74186	1
11_51	-9.59939	-3.95154	2
11_52	-11.4832	-4.08705	2
11_53	-8.82958	-3.92445	2
11_55	-11.0045	-4.15306	2
11_56	-10.598	-4.05352	2
11_57	-8.82156	-3.92546	2
11_58	-8.831	-3.94481	2
11_59	-8.80694	-3.88913	2
11_60	-8.07435	-3.59805	1
11_61	-9.41947	-4.14894	2
11_62	-9.70764	-4.13363	2
11_63	-8.09224	-3.58849	1
11_64	-9.59623	-3.96228	2
11_65	-13.0929	-3.88123	2
11_66	-10.101	-4.05831	2
11_67	-11.999	-3.56846	1
11_68	-9.63788	-4.09825	1
11_70	-8.83296	-3.96448	2
11_71	-9.5912	-4.04955	2
11_72	-9.46429	-4.18526	1
11_73	-11.547	-4.20166	2
11_74	-8.09425	-3.61334	1
11_75	-10.2569	-4.32022	2
11_76	-9.70517	-4.1318	2
11_77	-11.4744	-4.15762	2
11_78	-11.4724	-4.14189	2
11_79	-8.86473	-3.98613	2
11_80	-10.2829	-4.35176	2
11_81	-8.04774	-3.58394	1
11_82	-9.59827	-4.07687	1
11_83	-10.0084	-4.06598	2
11_84	-8.67256	-3.76886	1
11_85	-8.86895	-3.98584	2
11_86	-7.89647	-3.4623	2
11_87	-7.2032	-3.15106	1
11_88	-8.86008	-3.98289	2
11_90	-11.1023	-4.17799	2
11_91	-9.61449	-3.9859	2
11_92	-8.03967	-3.56709	1
11_93	-10.3221	-4.38559	2
11_94	-10.3221	-4.38559	2
11_95	-10.757	-4.20804	2
11_96	-10.3018	-4.36154	2
11_97	-9.64469	-4.07249	2
11_98	-9.59157	-4.07997	1
11_99	-11.9687	-4.23432	2
11_100	-8.05296	-3.59235	1
11_101	-10.8114	-4.2096	2
11_102	-8.90225	-3.78654	1
11_103	-9.61293	-4.10089	1
11_104	-10.9223	-4.06278	2
11_105	-9.53175	-4.26369	2
11_106	-8.7564	-3.87132	1
11_108	-11.9457	-4.24018	2
11_109	-10.8235	-4.38873	2
11_110	-10.1513	-4.17532	2
11_111	-8.85253	-3.97562	2
11_112	-10.2922	-4.37807	2
11_113	-11.5495	-4.25266	2
11_114	-9.58115	-4.09505	1
11_116	-8.85251	-3.99311	2
11_118	-8.81094	-3.95722	2
11_119	-11.4082	-4.18369	2
11_120	-8.05327	-3.54362	1
11_121	-10.2574	-4.37272	2
11_122	-8.65519	-3.61758	2
11_123	-10.776	-4.45106	2
11_124	-8.85636	-3.98913	2
11_126	-12.4391	-4.27526	1
11_127	-10.8684	-4.15297	2
11_128	-8.74001	-3.80125	2
11_129	-13.6691	-4.12812	2
11_130	-10.1733	-4.18859	2
11_131	-10.294	-4.40989	2
11_132	-10.86	-4.41997	2
11_133	-11.209	-4.28263	2
11_134	-9.71155	-4.15984	2
11_135	-11.547	-4.26551	2
11_137	-13.1227	-4.09221	1
11_139	-10.3094	-4.42101	2
11_140	-12.4843	-4.32719	1
11_141	-9.65447	-4.15375	2
11_142	-9.31595	-4.01045	2
11_143	-11.6454	-4.49882	1
11_144	-15.2244	-3.26838	2
11_145	-13.1607	-3.48777	2
11_146	-12.1632	-4.55174	1
11_147	-9.54108	-4.28798	2
11_148	-10.2777	-4.41393	2
11_149	-8.8056	-3.94626	2
11_150	-10.3178	-4.41176	2
11_151	-10.8043	-4.5047	2
11_152	-9.66016	-4.16436	2
11_153	-11.0313	-4.55795	1
11_154	-11.4151	-4.56563	1
11_155	-13.6684	-4.1944	2
11_156	-11.9812	-4.35265	2
11_157	-14.0485	-3.49795	2
11_158	-9.57156	-4.09025	1
11_159	-8.07098	-3.60585	1
11_161	-11.6615	-4.51225	1
11_162	-8.85431	-3.9974	2
11_163	-9.6212	-4.15615	1
11_164	-10.2638	-4.42322	2
11_165	-11.6582	-4.52181	1
11_166	-11.5632	-4.31594	2
11_167	-12.5714	-4.39979	1
11_168	-10.3466	-4.44786	2
11_169	-11.4912	-4.61991	1
11_170	-10.3191	-4.46015	2
11_171	-12.7784	-4.19132	1
11_172	-13.7392	-4.28738	1
11_173	-12.1527	-4.60306	1
11_175	-13.098	-4.13473	1
11_176	-10.8976	-4.2057	2
11_178	-8.69585	-3.61485	2
11_179	-9.54384	-4.08557	1
11_180	-8.74082	-3.70082	2
11_181	-15.6398	-3.28116	2
11_182	-11.5116	-4.65887	1
11_183	-9.47406	-4.25562	1
11_184	-10.1833	-4.20247	2
11_185	-11.0204	-4.54407	1
11_186	-12.5853	-4.43649	2
11_187	-9.48243	-4.04954	2
11_188	-14.0353	-4.12259	2
11_189	-10.2909	-4.46074	2
11_190	-12.1322	-4.63255	1
11_191	-11.3235	-4.42486	2
11_192	-12.1727	-4.29545	1
11_193	-11.6293	-4.53695	1
11_194	-12.078	-4.45163	1
11_195	-10.936	-4.54578	1
11_196	-10.2056	-4.36527	2
11_197	-12.8827	-4.31726	1
11_198	-9.40593	-3.99898	2
11_199	-9.55967	-4.13367	1
11_200	-11.5979	-4.53463	1
11_201	-13.6544	-4.30078	1
11_204	-13.7618	-4.36284	1
11_205	-10.6523	-4.32921	2
11_206	-10.7059	-4.1208	2
11_207	-13.8381	-4.54952	1
11_208	-13.2141	-4.41579	1
11_209	-11.502	-4.65132	1
11_210	-12.888	-4.35543	1
11_211	-12.733	-4.68343	2
11_212	-15.6161	-3.99969	2
11_213	-15.9817	-3.82731	2
11_214	-14.5388	-4.20119	1
11_215	-17.8068	-2.78486	2
11_216	-13.9382	-4.30876	1
11_217	-10.9365	-4.53487	1
11_218	-12.7496	-4.73797	2
11_219	-13.984	-4.2422	2
11_220	-12.1037	-4.66425	1
11_221	-10.6533	-4.45357	2
11_222	-10.253	-4.44477	2
11_223	-14.5823	-4.27876	1
11_224	-15.1193	-3.20037	2
11_225	-16.2642	-3.04083	2
11_226	-11.4541	-4.48232	1
11_227	-13.8016	-4.60116	1
11_228	-16.0504	-4.00452	2
11_229	-18.0931	-2.60959	2
11_230	-18.101	-3.37671	2
11_231	-15.5142	-4.14013	2
11_232	-12.7614	-4.14712	1
11_233	-9.99837	-3.54943	2
11_234	-20.4534	-1.79899	2
11_235	-22.5358	0.620879	2
12_1	-6.17529	-2.6112	1
12_2	-7.06783	-3.05034	1
12_3	-7.72271	-3.32532	2
12_4	-7.10066	-3.07869	1
12_5	-8.66495	-3.55559	2
12_6	-7.80682	-3.40967	2
12_7	-7.09103	-3.07586	1
12_8	-9.17072	-3.64934	2
12_9	-7.83359	-3.42403	2
12_10	-7.81235	-3.41931	2
12_11	-7.79164	-3.41499	2
12_12	-7.08389	-3.07103	1
12_13	-7.04551	-3.03277	1
12_14	-7.0582	-3.0476	1
12_15	-8.65962	-3.61357	2
12_16	-9.31513	-3.87142	1
12_17	-8.49014	-3.70143	2
12_18	-7.82808	-3.43048	2
12_19	-7.81179	-3.40465	2
12_20	-7.81838	-3.42912	2
12_21	-10.4565	-3.76393	1
12_22	-7.81417	-3.39996	2
12_23	-7.83049	-3.45304	2
12_24	-10.167	-3.83203	2
12_25	-9.31517	-3.89013	1
12_26	-8.39762	-3.65071	2
12_27	-7.84359	-3.45207	2
12_28	-9.29562	-3.86136	1
12_29	-8.54154	-3.77973	2
12_30	-8.23551	-3.45434	2
12_31	-7.82088	-3.42436	2
12_32	-10.9747	-3.89443	2
12_33	-9.26688	-3.87474	1
12_34	-7.86463	-3.46494	2
12_35	-7.80511	-3.42276	2
12_36	-7.78439	-3.41844	2
12_37	-7.07665	-3.07449	1
12_38	-8.6418	-3.61979	2
12_39	-9.78108	-4.00556	2
12_40	-8.55668	-3.78665	2
12_41	-9.19348	-3.69818	2
12_42	-9.3179	-3.932	1
12_43	-9.30256	-3.86508	1
12_44	-8.47108	-3.73712	2
12_45	-7.84221	-3.45786	2
12_46	-9.32516	-3.92543	1
12_47	-8.51013	-3.75482	2
12_48	-8.44385	-3.71569	2
12_49	-9.2371	-3.88228	1
12_50	-7.86637	-3.46817	2
12_51	-9.7984	-4.01856	2
12_52	-7.83601	-3.45508	2
12_53	-7.84032	-3.45628	2
12_54	-11.1202	-4.11435	2
12_55	-8.59129	-3.61246	2
12_56	-7.77658	-3.41417	2
12_57	-9.66982	-3.86265	2
12_58	-10.3461	-4.10218	2
12_59	-9.28924	-3.88154	1
12_60	-9.644	-3.85601	2
12_61	-10.5432	-4.00011	2
12_62	-7.07544	-3.07482	1
12_63	-8.5376	-3.77324	2
12_64	-8.5376	-3.77324	2
12_65	-9.03582	-3.92619	2
12_66	-8.51689	-3.76892	2
12_67	-7.80914	-3.42497	2
12_68	-8.63331	-3.60076	2
12_69	-8.54749	-3.79247	2
12_71	-9.31306	-3.93082	1
12_72	-11.7875	-3.86934	1
12_74	-8.53956	-3.76967	2
12_75	-12.5083	-3.83393	1
12_76	-7.78751	-3.41773	2
12_77	-8.47765	-3.75268	1
12_78	-7.84521	-3.45147	2
12_79	-8.49711	-3.77316	1
12_80	-9.86047	-4.10725	2
12_81	-9.33264	-3.96995	1
12_82	-7.86735	-3.46972	2
12_83	-11.0189	-3.98825	2
12_84	-7.82749	-3.46069	2
12_85	-9.28708	-3.88056	1
12_86	-9.8132	-4.07744	2
12_87	-9.29734	-3.96397	1
12_88	-8.54099	-3.77668	2
12_89	-9.33713	-3.95182	1
12_90	-9.06642	-3.97758	2
12_91	-7.8331	-3.42781	2
12_92	-9.18956	-3.71248	2
12_93	-9.33469	-3.95154	1
12_94	-9.81937	-4.09285	2
12_95	-7.66271	-3.33705	2
12_96	-11.1318	-4.18256	2
12_97	-9.07584	-3.9447	2
12_98	-9.83096	-4.11828	2
12_99	-8.56241	-3.81897	1
12_100	-11.0605	-4.13756	2
12_101	-8.55827	-3.81596	1
12_102	-8.51713	-3.77871	2
12_103	-10.6314	-3.96632	2
12_104	-11.0364	-4.01769	2
12_105	-12.9107	-3.80411	1
12_106	-8.5412	-3.78743	2
12_107	-9.24266	-3.91753	1
12_108	-9.29443	-3.88862	1
12_109	-8.55601	-3.8041	1
12_110	-7.82754	-3.45582	2
12_111	-11.4081	-4.00628	2
12_112	-7.04399	-3.05028	1
12_113	-9.87003	-4.1347	2
12_114	-9.28346	-3.95921	1
12_115	-8.44308	-3.69655	2
12_117	-9.03105	-3.94893	2
12_118	-9.65957	-3.89001	2
12_119	-9.86957	-4.15023	2
12_120	-8.54297	-3.80119	1
12_121	-9.87807	-4.1679	2
12_122	-9.84203	-4.11713	2
12_123	-10.5768	-4.00139	2
12_124	-7.8216	-3.44982	2
12_125	-7.8445	-3.46586	2
12_126	-9.30464	-3.94684	1
12_127	-10.2898	-4.12332	2
12_128	-9.21217	-3.89836	1
12_129	-9.17521	-4.09733	1
12_130	-11.0798	-4.1304	2
12_131	-7.83702	-3.45632	2
12_132	-9.32587	-3.9437	1
12_133	-9.79222	-4.05108	2
12_134	-10.4634	-4.19097	2
12_135	-9.27167	-3.90276	1
12_136	-8.60925	-3.64279	2
12_137	-9.85525	-4.1394	2
12_138	-9.18307	-4.09598	1
12_139	-8.47533	-3.75202	2
12_140	-11.3815	-4.0251	2
12_141	-11.0881	-4.19344	2
12_142	-10.5156	-3.99004	2
12_143	-11.415	-4.07912	2
12_144	-10.6651	-4.01058	2
12_145	-9.86914	-4.13612	2
12_146	-8.54544	-3.80368	1
12_147	-8.52472	-3.79936	1
12_148	-7.81698	-3.4554	2
12_149	-11.8404	-4.02665	1
12_151	-8.53565	-3.80208	1
12_152	-9.26033	-3.97079	1
12_153	-10.3308	-4.26951	2
12_154	-9.84945	-4.12533	2
12_155	-7.83884	-3.44512	2
12_156	-9.27099	-3.94967	1
12_157	-8.54717	-3.80996	1
12_158	-9.30884	-3.89311	1
12_159	-10.3418	-4.02414	1
12_160	-12.9743	-3.92814	1
12_161	-8.52528	-3.79263	1
12_162	-9.87714	-4.18263	2
12_163	-10.3213	-4.14985	2
12_164	-9.20015	-4.11616	1
12_165	-11.0135	-4.17423	2
12_166	-8.39825	-3.50155	1
12_167	-8.49025	-3.76356	1
12_168	-9.81799	-4.13774	2
12_169	-9.84266	-4.15457	2
12_170	-8.50697	-3.72951	2
12_171	-9.91532	-4.24756	2
12_172	-10.3079	-4.27351	2
12_173	-7.84108	-3.48041	2
12_174	-8.54456	-3.81075	1
12_175	-9.27787	-3.95113	1
12_176	-9.82233	-4.07109	2
12_177	-10.4587	-4.04179	1
12_178	-9.92025	-4.24532	2
12_179	-12.536	-3.33048	1
12_180	-11.8606	-4.05671	2
12_181	-9.30788	-3.97775	1
12_182	-9.91556	-4.21394	2
12_183	-10.6947	-4.03403	2
12_184	-9.32051	-3.95722	1
12_185	-9.81129	-4.14054	2
12_187	-9.20919	-4.12591	1
12_188	-9.05183	-3.91198	2
12_189	-12.612	-4.12045	1
12_190	-9.12788	-4.04921	1
12_191	-10.3359	-4.28722	2
12_192	-11.0238	-4.04937	2
12_193	-10.3513	-3.78783	1
12_195	-7.04439	-3.05692	1
12_196	-7.77993	-3.40875	2
12_198	-9.89381	-4.21328	2
12_199	-8.56351	-3.82077	1
12_200	-11.1819	-4.30489	2
12_201	-11.6398	-4.37547	2
12_202	-13.3761	-3.34948	1
12_203	-9.23836	-3.95525	1
12_205	-9.70615	-3.9338	1
12_206	-10.6722	-4.07683	2
12_207	-10.911	-4.38311	2
12_208	-9.85416	-4.16247	2
12_209	-10.3524	-4.31542	2
12_210	-14.6745	-3.56194	2
12_211	-8.55699	-3.82281	1
12_212	-9.86193	-4.15343	2
12_213	-9.86193	-4.15343	2
12_214	-9.30931	-3.9616	1
12_215	-8.49128	-3.77823	1
12_216	-8.52256	-3.79594	1
12_217	-13.0454	-4.05765	1
12_218	-10.929	-4.3959	2
12_220	-11.091	-4.26529	2
12_221	-10.4865	-4.29037	2
12_222	-9.92808	-4.26287	2
12_223	-8.52056	-3.79269	1
12_224	-8.56735	-3.81992	1
12_225	-9.8693	-4.18428	2
12_226	-11.4	-4.08781	2
12_227	-7.85169	-3.46228	2
12_228	-9.12869	-3.86018	1
12_230	-9.16867	-4.08635	1
12_232	-9.28258	-3.97118	1
12_233	-9.73627	-4.30142	2
12_234	-9.91723	-4.23374	2
12_235	-9.9286	-4.27845	2
12_236	-7.86108	-3.4572	2
12_237	-12.2185	-4.08977	1
12_238	-8.50488	-3.7281	2
12_239	-11.034	-4.20871	2
12_240	-9.32557	-3.96528	1
12_241	-11.0234	-4.06514	2
12_242	-12.9673	-4.01418	1
12_243	-10.3505	-4.32727	2
12_244	-8.5638	-3.81154	1
12_245	-11.0576	-4.07562	2
12_246	-9.90905	-4.2147	2
12_247	-12.2466	-4.10307	1
12_248	-11.662	-4.44011	2
12_249	-9.88512	-4.21509	2
12_250	-11.9457	-4.18128	2
12_251	-10.9703	-4.41909	2
12_252	-9.27581	-3.97631	1
12_253	-12.9658	-4.00811	1
12_254	-10.4994	-4.28721	2
12_255	-9.31361	-3.98374	2
12_256	-10.4472	-4.43698	2
12_257	-9.122	-3.8577	1
12_258	-9.86911	-4.18588	2
12_259	-8.53632	-3.8261	1
12_260	-10.9738	-4.44848	2
12_261	-9.19459	-4.13605	1
12_262	-11.1748	-4.3006	2
12_263	-9.95894	-4.30785	2
12_265	-10.9463	-4.40481	2
12_266	-9.15535	-4.06441	1
12_267	-9.15535	-4.06441	1
12_268	-10.3487	-4.33489	2
12_269	-9.94271	-4.2976	2
12_270	-14.802	-3.16185	2
12_271	-9.27536	-3.86074	1
12_272	-13.4002	-4.03491	2
12_273	-8.56021	-3.84147	1
12_274	-11.0851	-4.19235	2
12_275	-7.82394	-3.46335	2
12_276	-11.9677	-4.18151	1
12_277	-9.92171	-4.29529	2
12_278	-11.0812	-4.26511	2
12_279	-11.6583	-4.46579	2
12_280	-11.511	-4.20069	2
12_281	-8.54572	-3.81826	1
12_282	-7.79454	-3.43967	2
12_283	-10.385	-4.28584	2
12_284	-9.9404	-4.29336	2
12_285	-10.4386	-4.4463	2
12_286	-9.21194	-3.94508	1
12_287	-9.73184	-3.95649	2
12_288	-11.0422	-4.23594	2
12_289	-11.3569	-4.11878	2
12_290	-9.83411	-4.16758	2
12_291	-9.89737	-4.23316	2
12_292	-8.42504	-3.6641	2
12_293	-8.88986	-3.75939	1
12_294	-8.41667	-3.71945	2
12_295	-8.56434	-3.83052	1
12_296	-9.26817	-3.89633	1
12_297	-10.758	-4.16231	2
12_298	-12.2778	-4.1849	1
12_299	-11.2776	-4.39073	2
12_300	-8.55221	-3.60796	2
12_301	-11.6558	-4.47032	2
12_302	-11.6047	-4.16376	2
12_303	-9.22475	-4.16507	1
12_304	-9.89872	-4.22412	2
12_305	-10.4885	-4.28581	2
12_306	-8.53452	-3.80905	1
12_307	-13.363	-4.04572	2
12_308	-9.09527	-3.84483	2
12_309	-9.82295	-4.08484	2
12_310	-7.78254	-3.43498	2
12_311	-13.0526	-4.11206	1
12_312	-9.92837	-4.25919	2
12_313	-11.9715	-4.21527	1
12_314	-10.9713	-4.43585	2
12_315	-12.0653	-4.44096	1
12_316	-9.19968	-3.92693	1
12_317	-11.0032	-4.45727	2
12_318	-9.26315	-3.97111	1
12_319	-10.4659	-4.47896	1
12_320	-10.5108	-4.29563	2
12_321	-9.24355	-3.97623	1
12_322	-9.89861	-4.22882	2
12_323	-11.0037	-4.47635	1
12_324	-10.1699	-4.08458	2
12_325	-8.49318	-3.59633	2
12_326	-11.9684	-4.20431	1
12_327	-11.0795	-4.31982	2
12_328	-10.4768	-4.30179	2
12_329	-12.0195	-4.43562	1
12_330	-9.88648	-4.27456	2
12_332	-10.4736	-4.05786	1
12_333	-12.5116	-4.00273	1
12_334	-12.0572	-4.42108	1
12_335	-9.14888	-4.09429	1
12_336	-9.2225	-4.15817	1
12_337	-10.4585	-4.47321	1
12_338	-9.75074	-4.12925	2
12_339	-13.1787	-4.3621	1
12_340	-13.8108	-4.05894	2
12_341	-9.81452	-4.20827	2
12_342	-10.9732	-4.44153	2
12_343	-9.18028	-3.95118	1
12_344	-11.4844	-4.20926	2
12_345	-12.2784	-4.19915	1
12_346	-10.4183	-4.41425	2
12_347	-8.56259	-3.80735	1
12_348	-10.9832	-4.52068	1
12_349	-8.5287	-3.79658	1
12_350	-13.0795	-4.10857	1
12_351	-11.006	-4.26786	2
12_352	-8.53053	-3.81572	1
12_353	-9.89854	-4.30602	2
12_354	-12.3376	-4.24372	1
12_355	-9.13087	-4.05184	1
12_356	-9.92487	-4.2905	2
12_357	-11.6099	-4.45349	2
12_359	-15.1891	-3.77148	2
12_360	-11.6681	-4.50318	2
12_361	-12.9081	-4.06554	1
12_362	-10.3801	-4.26194	2
12_363	-11.5677	-4.45894	1
12_364	-11.353	-4.46685	1
12_365	-11.6827	-4.56307	1
12_366	-9.85959	-4.23537	2
12_367	-10.2419	-3.94395	2
12_368	-8.50962	-3.80698	1
12_369	-9.15996	-4.0712	1
12_370	-9.92267	-4.31555	2
12_371	-10.9892	-4.48157	1
12_372	-9.08884	-3.87142	2
12_373	-9.73372	-3.95767	2
12_374	-10.431	-4.42316	2
12_375	-9.26646	-3.91752	1
12_376	-12.5074	-4.17198	1
12_377	-11.3738	-4.47948	1
12_378	-12.112	-4.49561	1
12_379	-9.92441	-4.30295	2
12_380	-14.3243	-3.22351	1
12_381	-11.6471	-4.48512	2
12_382	-11.0857	-4.38876	2
12_383	-10.1539	-4.07844	2
12_384	-9.86003	-4.1941	2
12_385	-14.7325	-3.80935	2
12_386	-12.497	-4.50342	2
12_388	-13.5979	-4.3826	2
12_389	-10.9784	-4.45062	2
12_390	-9.31022	-3.99816	2
12_391	-11.0185	-4.56148	1
12_392	-9.22006	-3.97057	1
12_393	-13.858	-4.13743	2
12_394	-12.2708	-4.22858	1
12_395	-11.1718	-4.35172	2
12_396	-9.91147	-4.29258	2
12_397	-11.0844	-4.60051	1
12_398	-10.574	-4.44295	2
12_399	-13.0511	-4.15057	1
12_400	-13.1765	-4.42801	1
12_401	-9.70373	-4.28058	2
12_402	-16.8203	-2.77883	2
12_403	-9.18823	-4.12254	1
12_404	-8.51989	-3.80915	1
12_405	-9.93492	-4.28569	2
12_406	-9.23341	-3.9801	1
12_407	-10.3265	-4.33979	2
12_408	-11.1284	-4.35866	2
12_409	-11.0715	-4.5627	1
12_410	-12.5125	-4.53225	2
12_411	-10.4187	-4.44579	2
12_412	-15.4859	-3.11431	2
12_413	-11.136	-4.36662	2
12_414	-12.2121	-4.59857	1
12_415	-15.1926	-3.84493	2
12_416	-9.28575	-3.97515	1
12_417	-10.4645	-4.50513	1
12_418	-9.91293	-4.28106	2
12_419	-13.35	-3.95469	2
12_420	-11.3749	-4.51411	1
12_421	-11.6909	-4.52224	1
12_422	-12.5592	-4.55787	2
12_423	-12.0249	-4.52377	1
12_424	-11.6533	-4.52741	1
12_425	-11.6237	-4.559	1
12_426	-9.80637	-4.21932	2
12_427	-8.53802	-3.8171	1
12_428	-9.15534	-4.12116	1
12_429	-9.90212	-4.24334	2
12_430	-13.4012	-4.18538	2
12_431	-10.556	-4.4317	2
12_432	-11.0415	-4.54421	1
12_433	-13.0626	-4.18617	1
12_434	-12.2207	-4.60895	1
12_435	-9.16345	-4.11644	1
12_436	-9.7406	-4.19617	2
12_437	-11.9687	-4.60218	1
12_438	-13.8856	-4.1804	2
12_439	-14.0728	-3.94167	1
12_440	-11.0588	-4.34988	2
12_441	-9.91156	-4.3118	2
12_442	-11.6185	-4.56586	1
12_443	-13.1984	-4.45895	1
12_444	-11.0953	-4.63787	1
12_445	-9.24828	-3.98302	1
12_446	-9.9141	-4.2275	2
12_447	-9.89479	-4.31783	2
12_448	-11.0002	-4.07867	2
12_449	-9.88835	-4.29858	2
12_450	-9.17976	-3.95781	1
12_451	-15.268	-3.95319	2
12_452	-11.1206	-4.42126	2
12_453	-13.1895	-4.45025	1
12_454	-11.6489	-4.56881	1
12_455	-13.5973	-4.46626	2
12_456	-11.5017	-4.23332	2
12_457	-11.6963	-4.57512	1
12_458	-10.4002	-4.40674	2
12_459	-10.4308	-4.4491	2
12_460	-12.1946	-4.55762	1
12_461	-13.3547	-4.28086	1
12_462	-11.0908	-4.61353	1
12_463	-12.5545	-4.59001	2
12_464	-12.3863	-4.33734	1
12_465	-13.0052	-4.12004	1
12_467	-17.1886	-2.77148	2
12_468	-8.92692	-3.72968	2
12_469	-11.0851	-4.63047	1
12_471	-10.3452	-4.28369	2
12_472	-12.5952	-4.64561	2
12_473	-10.994	-4.33711	2
12_474	-14.7237	-3.87111	1
12_475	-12.554	-4.2498	1
12_476	-10.2826	-3.91231	2
12_477	-10.9823	-4.2827	2
12_478	-10.5007	-4.3106	2
12_479	-10.3307	-4.03439	2
12_480	-8.37768	-3.50643	2
12_481	-9.15933	-3.93781	1
12_482	-10.3863	-4.47863	2
12_483	-13.4994	-4.26724	2
12_484	-10.8326	-4.20764	2
12_485	-10.9927	-4.46905	1
12_486	-14.1417	-4.06581	1
12_487	-10.5526	-4.41023	2
12_488	-12.216	-4.62138	1
12_489	-13.9079	-4.24299	2
12_490	-9.85702	-4.3052	2
12_491	-10.3789	-4.32441	2
12_492	-11.8964	-4.31043	2
12_493	-13.1813	-4.49255	1
12_494	-11.6354	-4.61943	1
12_495	-12.1715	-4.66028	1
12_496	-13.5626	-4.49739	2
12_497	-13.0055	-4.15662	1
12_498	-11.1869	-4.27102	2
12_499	-11.9468	-4.5824	1
12_500	-12.1432	-4.64996	1
12_501	-12.5704	-4.5934	2
12_502	-9.79829	-4.2376	2
12_503	-10.8716	-4.26185	2
12_504	-11.4998	-4.47346	1
12_505	-13.5958	-4.16726	2
12_506	-13.5109	-4.59313	1
12_507	-15.2898	-4.02086	2
12_508	-14.0668	-4.53383	1
12_509	-11.0368	-4.40557	2
12_510	-13.1419	-4.53748	1
12_511	-13.1457	-4.49673	1
12_512	-15.1992	-3.97982	2
12_513	-14.0659	-4.49225	1
12_514	-15.4023	-4.25753	2
12_515	-9.97742	-3.77554	2
12_516	-12.1518	-4.60919	1
12_517	-12.4235	-4.25609	1
12_518	-11.3731	-4.50756	1
12_519	-15.936	-3.80176	2
12_520	-14.884	-4.21456	1
12_521	-11.0803	-4.60956	1
12_522	-14.9597	-4.00676	1
12_524	-12.5925	-4.66349	2
12_525	-17.5238	-3.3078	2
12_526	-14.1463	-4.13323	1
12_527	-17.233	-3.53235	2
12_528	-19.4174	-2.16771	2
12_529	-14.9819	-4.03798	1
12_530	-12.1556	-4.67193	1
12_531	-14.0977	-4.59545	1
12_532	-15.7881	-2.87092	2
12_533	-16.3664	-2.80147	2
12_534	-15.9869	-3.8995	2
12_535	-15.464	-3.88882	2
12_536	-13.5462	-4.55802	2
12_537	-11.8408	-4.49331	1
12_538	-11.5835	-4.61893	1
12_539	-10.2941	-4.41874	2
12_540	-17.7366	-2.52773	2
12_541	-10.7224	-4.17007	2
12_542	-13.0466	-4.52235	1
12_543	-15.38	-4.3339	2
12_544	-17.6058	-3.5031	2
12_545	-19.6695	-1.99034	2
12_546	-19.7329	-2.77238	2
12_547	-17.2087	-3.75362	2
12_548	-14.5458	-4.07552	1
12_549	-11.8185	-3.80539	1
12_550	-22.0807	-1.10103	2
12_551	-24.2309	1.27674	2
13_1	-6.11806	-2.56899	1
13_2	-6.92544	-2.95982	1
13_3	-7.54857	-3.23767	2
13_4	-6.96547	-2.99733	1
13_5	-8.41277	-3.45135	2
13_6	-7.63643	-3.32714	2
13_7	-6.95344	-2.99042	1
13_8	-8.95066	-3.62846	2
13_9	-7.65193	-3.33592	2
13_10	-7.61577	-3.31903	2
13_11	-7.62354	-3.30862	2
13_12	-6.94102	-2.97632	1
13_13	-6.94997	-2.98674	1
13_14	-9.01077	-3.72171	2
13_15	-8.23596	-3.55369	2
13_16	-8.42458	-3.52168	1
13_17	-6.95385	-2.99645	1
13_18	-7.62364	-3.30856	2
13_20	-7.64597	-3.33444	2
13_21	-7.64319	-3.34529	2
13_22	-10.1293	-3.7342	2
13_23	-9.82571	-3.69248	2
13_24	-7.62906	-3.30141	2
13_25	-9.00995	-3.73946	2
13_26	-7.6375	-3.31792	2
13_27	-8.18279	-3.54547	2
13_28	-7.65745	-3.35219	2
13_29	-9.01337	-3.73984	2
13_30	-8.30195	-3.6526	2
13_31	-10.5371	-3.74151	1
13_32	-7.64523	-3.34474	2
13_33	-7.58095	-3.29597	2
13_34	-8.94565	-3.71567	2
13_35	-7.59908	-3.30897	2
13_36	-8.12025	-3.48159	1
13_37	-6.95386	-2.99856	1
13_38	-9.47787	-3.89491	2
13_39	-7.66903	-3.35236	2
13_40	-8.30866	-3.65788	2
13_41	-7.66112	-3.35109	2
13_42	-8.3855	-3.49209	2
13_43	-9.02473	-3.80118	2
13_44	-8.98739	-3.69911	2
13_45	-8.26078	-3.63901	2
13_46	-7.64632	-3.34403	2
13_47	-8.99703	-3.75097	2
13_48	-8.28362	-3.6495	2
13_50	-9.47686	-3.89978	2
13_51	-8.9129	-3.71592	2
13_52	-10.71	-4.00409	2
13_53	-8.98322	-3.68784	2
13_54	-7.65158	-3.33832	2
13_55	-7.65158	-3.33832	2
13_56	-8.25582	-3.6338	2
13_57	-10.0092	-3.98584	2
13_58	-7.61933	-3.32978	2
13_60	-7.64682	-3.34907	2
13_61	-8.32253	-3.47508	2
13_62	-9.45116	-3.86623	2
13_63	-9.00949	-3.75974	2
13_64	-8.80116	-3.85464	2
13_65	-7.65915	-3.34466	2
13_66	-8.27991	-3.62029	2
13_67	-8.2909	-3.64731	2
13_68	-10.1263	-3.83569	2
13_69	-11.4058	-3.85113	2
13_70	-9.05303	-3.83574	2
13_71	-9.41474	-3.85116	1
13_72	-8.23998	-3.57937	2
13_73	-8.23548	-3.59958	2
13_74	-8.29998	-3.66326	2
13_75	-9.28409	-3.64204	1
13_76	-9.4793	-3.92558	2
13_77	-8.28399	-3.66348	2
13_78	-6.94796	-2.99668	1
13_79	-7.63381	-3.32521	2
13_80	-11.9583	-3.70435	1
13_81	-8.37339	-3.47832	2
13_82	-9.58029	-4.03536	2
13_83	-8.30733	-3.66112	2
13_84	-8.30733	-3.66112	2
13_85	-7.63059	-3.33719	2
13_86	-7.64419	-3.35024	2
13_87	-10.6914	-3.99332	2
13_88	-9.01553	-3.81489	2
13_89	-7.63329	-3.34983	2
13_90	-8.24354	-3.63668	2
13_91	-9.54962	-4.01321	2
13_92	-8.23723	-3.60443	2
13_93	-7.65123	-3.35582	2
13_94	-7.52127	-3.25299	2
13_95	-9.56298	-4.03668	2
13_96	-8.78012	-3.81577	2
13_97	-9.04326	-3.83095	2
13_98	-7.65973	-3.35865	2
13_99	-7.65785	-3.34234	2
13_100	-10.6929	-4.04117	2
13_101	-8.9923	-3.82082	2
13_102	-8.98691	-3.74666	2
13_103	-9.00161	-3.7659	2
13_104	-8.35564	-3.47267	2
13_105	-6.92055	-2.97672	1
13_106	-8.23921	-3.60613	2
13_107	-8.85386	-3.88011	2
13_108	-8.31877	-3.6897	2
13_109	-8.31877	-3.6897	2
13_110	-10.4055	-4.03745	1
13_111	-7.66928	-3.35715	2
13_112	-8.99447	-3.80765	1
13_113	-9.48672	-3.9489	2
13_114	-8.98941	-3.71966	2
13_115	-11.105	-4.07371	2
13_116	-9.48758	-3.93797	2
13_117	-8.24842	-3.63916	2
13_118	-12.4054	-3.78323	1
13_119	-9.01087	-3.77263	2
13_120	-9.05719	-3.83906	2
13_121	-10.637	-4.01534	2
13_122	-8.76609	-3.80188	2
13_123	-8.29808	-3.65365	2
13_124	-9.57747	-4.05378	2
13_125	-8.31932	-3.68182	2
13_126	-10.5638	-3.79653	1
13_127	-8.25659	-3.58599	2
13_128	-9.98989	-3.97845	2
13_129	-7.63579	-3.35029	2
13_130	-6.91623	-2.97755	1
13_131	-8.32168	-3.68788	2
13_132	-10.0269	-4.08539	2
13_133	-9.53646	-3.98579	2
13_134	-10.7344	-4.07548	2
13_135	-8.20435	-3.59012	2
13_136	-8.28418	-3.65461	2
13_137	-9.53009	-3.98554	2
13_138	-8.96047	-3.78272	1
13_139	-10.6922	-3.99592	2
13_141	-7.65564	-3.34475	2
13_142	-8.97559	-3.70355	2
13_143	-8.23757	-3.5994	2
13_144	-7.62866	-3.34455	2
13_145	-9.50797	-3.97186	2
13_146	-8.66058	-3.75298	1
13_147	-9.57907	-4.05783	2
13_148	-8.8385	-3.90068	2
13_149	-10.217	-3.84571	2
13_150	-9.44084	-3.88956	2
13_151	-7.61882	-3.32577	2
13_152	-8.30868	-3.68244	2
13_153	-8.98218	-3.78452	1
13_154	-8.98055	-3.76568	2
13_155	-10.7383	-4.13553	2
13_156	-10.4254	-4.08101	1
13_157	-9.49013	-3.96439	2
13_158	-11.5697	-4.13648	2
13_159	-10.0865	-4.05851	2
13_160	-8.76349	-3.80267	2
13_161	-8.30248	-3.66809	2
13_162	-11.0608	-4.07655	2
13_163	-10.9797	-3.9113	2
13_164	-8.86817	-3.91072	2
13_168	-9.50708	-3.96178	2
13_169	-7.64131	-3.34483	2
13_170	-8.30179	-3.67652	2
13_171	-9.50049	-3.96258	2
13_172	-8.98765	-3.7456	2
13_173	-9.94671	-4.0737	2
13_175	-10.0724	-4.1167	2
13_176	-10.1199	-3.85897	2
13_177	-12.5658	-4.02367	1
13_178	-9.52015	-3.98057	2
13_179	-8.28285	-3.67094	2
13_180	-8.32809	-3.69217	2
13_181	-8.32809	-3.69217	2
13_183	-7.60244	-3.30647	2
13_184	-8.13133	-3.50606	1
13_185	-9.52095	-3.99276	2
13_186	-8.26784	-3.6517	2
13_187	-10.9532	-3.90933	2
13_188	-7.65912	-3.34725	2
13_189	-9.5693	-4.049	2
13_190	-8.95447	-3.8237	1
13_192	-12.3673	-3.69192	1
13_194	-9.05104	-3.83195	2
13_195	-9.52899	-4.03889	2
13_196	-8.2744	-3.64391	2
13_197	-9.50679	-3.98531	2
13_198	-8.87619	-3.94265	2
13_199	-11.5933	-4.16944	2
13_200	-7.64986	-3.36876	2
13_203	-8.26321	-3.61229	2
13_204	-9.01955	-3.79993	2
13_205	-10.5908	-4.04185	2
13_206	-8.20001	-3.40707	2
13_207	-9.89847	-4.04647	2
13_208	-8.96193	-3.80155	1
13_209	-8.26796	-3.65645	2
13_210	-9.52938	-3.98913	2
13_211	-8.98954	-3.72714	2
13_212	-7.5911	-3.32626	2
13_213	-9.55177	-4.05325	2
13_214	-9.88075	-3.77576	2
13_215	-8.97531	-3.81917	1
13_216	-9.51226	-3.98297	2
13_217	-9.93258	-4.10814	2
13_218	-8.83283	-3.90147	2
13_219	-8.8649	-3.91308	2
13_220	-10.4444	-4.09776	1
13_221	-9.5289	-3.98262	2
13_222	-8.28001	-3.63936	2
13_223	-10.0823	-3.90489	2
13_224	-13.1121	-3.69987	2
13_226	-9.03231	-3.84359	2
13_227	-8.81078	-3.83528	2
13_228	-9.03406	-3.78354	2
13_229	-10.0741	-4.00794	2
13_230	-11.1433	-4.15514	2
13_231	-9.56179	-4.0711	2
13_232	-8.30768	-3.6927	2
13_234	-8.85869	-3.9257	2
13_235	-10.4535	-4.15255	2
13_236	-9.50253	-3.99552	2
13_237	-9.94315	-4.11003	2
13_238	-9.94016	-4.08889	2
13_239	-8.90989	-3.96471	2
13_241	-10.6632	-4.03166	2
13_242	-12.084	-4.00963	1
13_243	-9.51391	-4.00282	2
13_244	-9.00728	-3.8282	2
13_246	-11.1368	-4.18323	2
13_247	-8.28805	-3.65281	2
13_248	-8.85986	-3.92609	2
13_249	-9.53152	-4.01423	2
13_250	-8.28452	-3.68151	2
13_251	-8.32269	-3.70384	2
13_252	-9.50788	-4.04611	2
13_253	-8.24169	-3.63821	2
13_254	-9.45913	-3.94777	2
13_255	-7.6177	-3.33961	2
13_256	-8.96281	-3.81243	1
13_257	-9.9173	-4.06224	2
13_258	-9.57166	-4.0748	1
13_259	-9.47366	-3.90688	2
13_260	-12.4521	-3.88013	1
13_262	-9.51181	-3.98401	2
13_263	-14.0438	-3.58123	2
13_265	-10.469	-4.15693	2
13_266	-10.2873	-3.90222	2
13_267	-8.30122	-3.65569	2
13_268	-8.27877	-3.6579	2
13_269	-9.00939	-3.83587	2
13_270	-11.1619	-4.20996	2
13_271	-8.28946	-3.66166	2
13_272	-8.86616	-3.93602	2
13_273	-7.65219	-3.36358	2
13_274	-9.54988	-4.05782	2
13_275	-8.9128	-3.78787	1
13_276	-11.731	-3.91921	2
13_277	-11.0739	-4.14144	2
13_278	-9.55885	-4.06369	2
13_279	-8.94816	-3.80407	1
13_280	-8.30024	-3.68599	2
13_281	-9.91139	-4.08651	2
13_282	-10.4685	-4.20335	2
13_284	-10.691	-4.02318	2
13_285	-8.84232	-3.89262	2
13_286	-9.55213	-4.0647	2
13_287	-6.93797	-2.99508	1
13_288	-11.1314	-4.18961	2
13_289	-7.62147	-3.33693	2
13_290	-10.7293	-4.12353	2
13_291	-8.28959	-3.6567	2
13_292	-8.3186	-3.68885	2
13_293	-8.3186	-3.68885	2
13_294	-10.6867	-4.16625	2
13_295	-7.63215	-3.35355	2
13_296	-10.7244	-4.17591	2
13_297	-8.29535	-3.68118	2
13_298	-9.39649	-4.14479	2
13_299	-9.4442	-3.89214	2
13_300	-8.34626	-3.51345	2
13_301	-9.54081	-4.00779	2
13_302	-8.89049	-3.93859	2
13_303	-10.3092	-3.91388	2
13_304	-8.9111	-3.73805	2
13_305	-9.48912	-3.97839	2
13_306	-9.55304	-4.05507	2
13_307	-10.0975	-3.81464	2
13_308	-11.7583	-3.93783	2
13_309	-9.60986	-4.12429	1
13_311	-9.58495	-4.07264	1
13_312	-8.86254	-3.89854	2
13_313	-11.4389	-3.97602	2
13_314	-8.88794	-3.9479	2
13_315	-9.969	-4.15388	2
13_317	-8.89962	-3.95676	2
13_318	-9.58776	-4.10268	1
13_319	-10.5222	-4.197	2
13_320	-10.0832	-4.28366	2
13_321	-12.5826	-4.11832	1
13_322	-12.5108	-4.05994	1
13_323	-11.7468	-3.98665	2
13_324	-9.00762	-3.84164	2
13_325	-7.60769	-3.33882	2
13_326	-12.4721	-3.91428	1
13_327	-9.54815	-4.04546	2
13_328	-9.94226	-4.10636	2
13_329	-12.7869	-3.85568	1
13_330	-8.88837	-3.92916	2
13_331	-8.32024	-3.69117	2
13_332	-8.9603	-3.82729	1
13_333	-9.51478	-3.99074	2
13_334	-8.3018	-3.69513	2
13_336	-8.30087	-3.69443	2
13_337	-8.9856	-3.74715	2
13_338	-7.61001	-3.33009	2
13_339	-8.89154	-3.9712	2
13_340	-10.6679	-4.12456	2
13_341	-11.1144	-4.11969	2
13_342	-8.99893	-3.79706	2
13_343	-8.8671	-3.94379	2
13_344	-10.4847	-4.16413	2
13_345	-11.1609	-4.24104	2
13_346	-9.59884	-4.11055	1
13_347	-8.26746	-3.61414	2
13_348	-10.7237	-4.11773	2
13_349	-9.50539	-4.03934	2
13_350	-8.22523	-3.6292	2
13_351	-9.95013	-4.07822	2
13_352	-14.3837	-3.50882	2
13_353	-9.57884	-4.10408	1
13_354	-9.03901	-3.84832	2
13_356	-9.5446	-4.07189	2
13_357	-10.6648	-4.03252	2
13_358	-8.29283	-3.65414	2
13_359	-10.071	-4.27749	2
13_360	-10.1739	-4.20722	2
13_361	-8.83039	-3.87448	2
13_362	-9.46551	-3.91371	2
13_363	-9.51457	-4.00937	2
13_364	-11.1824	-4.23173	2
13_365	-11.7379	-3.95603	2
13_366	-9.56711	-4.09051	1
13_367	-9.56711	-4.09051	1
13_368	-9.966	-4.14974	2
13_369	-8.32542	-3.70754	2
13_370	-8.32542	-3.70754	2
13_371	-8.32626	-3.69674	2
13_372	-10.0552	-4.27501	2
13_373	-7.65663	-3.33317	2
13_374	-10.4343	-4.09256	1
13_375	-9.51781	-4.00314	2
13_376	-10.0965	-4.30492	2
13_377	-12.5382	-4.04855	1
13_378	-9.00756	-3.82309	2
13_379	-7.60891	-3.31826	2
13_380	-11.2008	-4.28403	2
13_381	-8.24881	-3.57352	2
13_382	-10.8288	-4.24092	2
13_383	-9.411	-4.16134	2
13_384	-10.1051	-4.10733	2
13_385	-8.23654	-3.62671	2
13_386	-9.61345	-4.13537	1
13_387	-8.97184	-3.75236	2
13_388	-11.5265	-4.20046	2
13_389	-10.5383	-3.82275	1
13_390	-10.0619	-4.28956	2
13_391	-7.64188	-3.36264	2
13_392	-8.88582	-3.97166	2
13_393	-8.84211	-3.89825	2
13_394	-11.1513	-3.95982	2
13_395	-11.1128	-4.21381	2
13_396	-9.89931	-4.07253	2
13_397	-9.59532	-4.11253	1
13_398	-9.55197	-4.03636	2
13_399	-11.1451	-4.23426	2
13_400	-10.6883	-4.10406	2
13_401	-8.80408	-3.70564	1
13_402	-10.0398	-4.06889	2
13_403	-11.6116	-4.22486	2
13_404	-11.529	-4.19456	2
13_405	-7.62991	-3.34644	2
13_406	-9.86698	-4.00714	2
13_407	-8.29615	-3.68919	2
13_408	-9.49493	-3.97982	2
13_409	-10.4853	-4.20169	2
13_410	-8.28105	-3.64978	2
13_411	-8.26788	-3.6638	2
13_412	-8.91394	-3.98057	2
13_413	-11.1473	-4.21379	2
13_414	-10.4955	-4.2269	2
13_415	-8.97078	-3.77372	2
13_416	-10.0862	-4.30931	2
13_417	-9.53527	-4.04123	2
13_418	-9.5709	-4.05982	2
13_419	-12.8059	-3.94215	1
13_420	-11.4617	-4.00667	2
13_421	-8.89614	-3.97204	2
13_422	-10.6205	-4.12277	2
13_423	-8.9276	-3.81241	1
13_424	-11.5451	-4.29588	2
13_425	-8.30328	-3.69275	2
13_426	-8.93852	-4.00816	2
13_427	-9.57025	-4.10925	1
13_428	-12.7488	-3.88257	1
13_429	-8.99506	-3.80662	1
13_430	-10.6965	-4.02542	2
13_431	-13.1736	-3.86101	2
13_432	-9.51903	-4.02927	2
13_433	-8.2977	-3.47868	2
13_434	-11.4849	-4.02258	2
13_436	-10.8429	-4.25327	2
13_437	-10.6728	-4.16329	2
13_438	-8.22982	-3.58483	2
13_439	-10.5682	-4.27156	2
13_440	-9.52223	-3.99834	2
13_441	-8.29989	-3.69835	2
13_442	-11.5623	-4.30185	2
13_443	-8.72202	-3.74886	2
13_444	-9.55389	-4.05144	2
13_445	-8.32683	-3.70599	2
13_446	-12.458	-3.88462	1
13_447	-8.99664	-3.83054	2
13_448	-9.59555	-4.11457	1
13_449	-7.59521	-3.32533	2
13_450	-8.83014	-3.89098	2
13_451	-10.4954	-4.19369	2
13_452	-10.0444	-4.07228	2
13_453	-8.86035	-3.90642	2
13_454	-12.5584	-4.14892	1
13_455	-9.51898	-4.07804	2
13_456	-10.0969	-4.31803	2
13_457	-9.49478	-3.98644	2
13_458	-9.91956	-4.1254	2
13_459	-10.008	-4.19665	2
13_460	-8.89825	-3.97714	2
13_461	-8.91962	-3.80973	1
13_462	-9.52767	-4.0786	2
13_463	-10.9458	-3.95708	2
13_464	-9.52206	-4.01292	2
13_465	-9.56664	-4.08028	1
13_466	-10.6829	-4.10271	2
13_467	-10.1729	-4.20757	2
13_468	-10.0976	-4.31886	2
13_469	-8.2457	-3.63699	2
13_470	-10.5144	-4.23208	2
13_471	-10.5358	-4.25801	2
13_472	-10.5003	-4.20728	2
13_473	-10.1087	-4.32345	2
13_474	-8.29676	-3.68544	2
13_475	-8.26588	-3.48837	2
13_476	-8.29926	-3.6888	2
13_477	-10.0963	-4.3084	2
13_478	-11.7879	-4.00369	1
13_479	-9.56498	-4.0908	1
13_480	-11.6101	-4.24767	2
13_481	-10.5897	-4.37357	2
13_482	-11.2084	-4.30912	2
13_483	-10.9587	-3.95188	2
13_484	-10.263	-3.92114	2
13_485	-9.94093	-4.06325	2
13_486	-8.2556	-3.64323	2
13_487	-10.1071	-3.94175	2
13_489	-8.29679	-3.69966	2
13_490	-10.8596	-4.29226	2
13_491	-9.5595	-4.06133	2
13_492	-9.4399	-4.03298	2
13_493	-9.55666	-4.10808	1
13_494	-11.2292	-4.32064	2
13_495	-13.731	-3.12408	1
13_496	-9.43979	-4.19488	1
13_497	-9.53397	-4.04631	2
13_498	-7.68356	-3.37504	2
13_499	-9.60122	-4.14313	1
13_500	-11.268	-4.4088	2
13_501	-12.0556	-3.99685	1
13_502	-8.32691	-3.68963	2
13_503	-8.32691	-3.68963	2
13_504	-9.54781	-4.05316	2
13_505	-8.99721	-3.82958	2
13_506	-8.8141	-3.86574	2
13_507	-10.7088	-4.10668	2
13_508	-10.5524	-4.2451	2
13_509	-11.081	-4.12987	2
13_510	-10.0085	-4.22274	2
13_511	-9.56122	-4.10963	1
13_512	-11.5468	-4.23495	2
13_513	-8.90337	-3.82985	2
13_514	-10.0249	-4.20721	2
13_515	-11.7431	-3.99459	2
13_516	-8.25221	-3.65998	2
13_518	-11.5392	-4.3085	2
13_519	-8.87165	-3.91716	2
13_520	-9.55488	-4.04619	2
13_521	-10.5653	-4.26537	2
13_522	-8.89507	-3.96827	2
13_523	-10.0612	-4.29828	2
13_524	-11.1671	-4.30235	2
13_525	-11.0118	-3.98895	2
13_526	-8.81765	-3.89139	2
13_527	-7.64622	-3.35993	2
13_528	-9.57382	-4.11613	1
13_529	-10.5428	-4.28011	2
13_530	-10.6319	-4.18528	2
13_531	-11.7796	-4.04878	1
13_532	-8.88711	-3.7574	1
13_533	-11.2439	-4.41017	2
13_535	-10.6384	-4.12516	2
13_536	-10.6042	-4.39391	2
13_537	-9.48506	-3.92804	2
13_538	-12.0356	-4.37831	1
13_539	-10.9174	-4.32394	2
13_540	-9.57848	-4.08248	1
13_541	-10.5478	-4.22497	2
13_542	-9.55044	-4.08244	1
13_543	-9.57033	-4.11474	1
13_544	-8.83457	-3.89861	2
13_545	-13.1872	-3.90866	2
13_546	-12.0094	-4.36927	1
13_547	-8.84984	-3.93896	2
13_548	-12.4676	-4.12154	1
13_549	-8.95431	-3.82167	1
13_550	-13.0348	-4.25082	1
13_551	-11.112	-4.21558	2
13_552	-8.93314	-4.00808	2
13_553	-8.98721	-3.79241	1
13_554	-7.6196	-3.35157	2
13_555	-9.89514	-3.82701	2
13_556	-8.95072	-3.80232	1
13_558	-8.91811	-4.00268	2
13_559	-10.7264	-4.22567	2
13_560	-9.51523	-4.0868	2
13_561	-8.25481	-3.65465	2
13_562	-10.0888	-4.32498	2
13_563	-11.157	-4.26847	2
13_564	-8.26194	-3.63268	2
13_565	-9.86028	-4.00779	2
13_566	-8.30842	-3.69514	2
13_567	-10.491	-4.39489	2
13_568	-9.50337	-4.0906	2
13_569	-8.27529	-3.6775	2
13_570	-9.58727	-4.13373	1
13_571	-8.99153	-3.85497	2
13_572	-10.1313	-4.16149	2
13_573	-9.54178	-4.09362	1
13_574	-8.91166	-3.98816	2
13_575	-12.0407	-4.12	1
13_576	-10.1213	-4.20174	2
13_577	-13.0164	-4.26838	1
13_578	-9.54957	-4.05654	2
13_579	-9.02168	-3.76866	2
13_580	-10.09	-4.3241	2
13_581	-10.0108	-4.22034	2
13_582	-9.48843	-3.92357	2
13_583	-10.1088	-4.1038	2
13_584	-8.28822	-3.65969	2
13_585	-11.503	-4.04905	2
13_586	-12.0326	-4.39564	1
13_587	-8.91759	-3.99922	2
13_588	-9.51354	-4.0104	2
13_589	-10.6374	-4.4117	2
13_590	-14.7679	-3.02297	2
13_591	-10.0795	-4.32483	2
13_592	-10.64	-4.41027	2
13_593	-9.03071	-3.84162	2
13_594	-8.80476	-3.85686	2
13_595	-10.5096	-4.21268	2
13_596	-11.0517	-4.23869	2
13_597	-12.6515	-4.26819	1
13_598	-10.601	-4.32124	2
13_599	-9.54587	-4.08801	1
13_600	-10.7056	-4.14141	2
13_601	-11.1247	-4.24746	2
13_602	-8.83948	-3.75946	2
13_603	-8.96982	-3.83158	1
13_604	-14.1805	-3.91513	2
13_605	-10.0706	-4.31894	2
13_606	-8.84943	-3.90624	2
13_607	-11.733	-4.01077	2
13_608	-10.0996	-4.33551	2
13_609	-10.0996	-4.33551	2
13_611	-12.798	-3.90249	1
13_612	-9.98596	-4.18568	2
13_613	-10.0315	-4.23844	2
13_614	-10.912	-4.32603	2
13_616	-10.901	-4.34678	2
13_617	-9.55404	-4.10291	1
13_618	-7.62371	-3.34987	2
13_619	-8.2985	-3.69048	2
13_620	-8.3106	-3.70851	2
13_621	-8.96612	-3.8566	2
13_622	-9.54635	-4.06723	2
13_623	-10.6498	-4.12503	2
13_625	-8.85307	-3.90997	2
13_626	-11.6739	-4.36512	2
13_627	-9.93091	-4.11714	2
13_628	-10.7356	-4.17217	2
13_629	-10.631	-4.19199	2
13_630	-12.0606	-4.41621	1
13_631	-10.9207	-4.33029	2
13_632	-10.0883	-4.33763	2
13_633	-16.2342	-3.14303	2
13_634	-12.4578	-3.9627	1
13_635	-9.50939	-4.09415	2
13_636	-9.54686	-4.04375	2
13_637	-9.54326	-4.10969	1
13_638	-14.5255	-3.77206	2
13_639	-11.5663	-4.37336	2
13_640	-13.5066	-3.89551	1
13_641	-9.58699	-4.13373	1
13_642	-10.5448	-4.29474	2
13_643	-9.49171	-4.08006	2
13_644	-8.26456	-3.67876	2
13_646	-10.5469	-4.26509	2
13_647	-11.1955	-4.27991	2
13_648	-9.5309	-4.08309	2
13_649	-12.4963	-3.97691	1
13_650	-9.29662	-4.07859	2
13_651	-10.0186	-4.20589	2
13_652	-8.90995	-3.9978	2
13_653	-10.0797	-4.32463	2
13_654	-10.9468	-4.34456	2
13_655	-11.1292	-4.2719	2
13_656	-12.0091	-4.37304	1
13_657	-11.4604	-4.4267	2
13_658	-12.5621	-4.2315	1
13_659	-9.46771	-4.23883	1
13_660	-11.6747	-4.49936	2
13_661	-10.6689	-4.00029	2
13_662	-9.55073	-4.12375	1
13_663	-11.8694	-3.76004	1
13_664	-11.1174	-4.26256	2
13_665	-8.94208	-3.72887	2
13_666	-9.54701	-4.06818	2
13_667	-9.99551	-3.82351	2
13_668	-8.29499	-3.47636	2
13_669	-8.83969	-3.71737	1
13_670	-7.63583	-3.31841	2
13_671	-8.30765	-3.67713	2
13_672	-8.32275	-3.70002	2
13_673	-8.20437	-3.44337	2
13_674	-7.60374	-3.32883	2
13_675	-6.84486	-2.91653	1
13_676	-10.5932	-4.32651	2
13_677	-9.55614	-4.0789	1
13_678	-10.6357	-4.42837	2
13_679	-11.1919	-4.30498	2
13_680	-10.1183	-4.20518	2
13_681	-11.2341	-4.43031	2
13_682	-11.2402	-4.43082	2
13_683	-9.5651	-4.12975	1
13_684	-12.0211	-4.39909	1
13_685	-13.2723	-4.0237	2
13_686	-9.44734	-3.87775	2
13_689	-9.76717	-3.86773	2
13_690	-11.0187	-4.48963	1
13_691	-10.0149	-4.22282	2
13_692	-12.7665	-3.96327	1
13_693	-9.56453	-4.07783	1
13_694	-8.89908	-3.97412	2
13_695	-10.5286	-4.24334	2
13_696	-8.90759	-3.81191	1
13_697	-10.1354	-4.21873	2
13_698	-10.5722	-4.3019	2
13_699	-11.6742	-4.36543	2
13_700	-11.7925	-4.07611	1
13_701	-10.5125	-4.4337	2
13_702	-14.4516	-3.73151	2
13_703	-10.5231	-4.09702	2
13_705	-9.5654	-4.1348	1
13_706	-10.0916	-4.34789	2
13_707	-11.2023	-4.34996	2
13_708	-9.5309	-4.09228	1
13_710	-8.88126	-3.93117	2
13_711	-9.54955	-4.09926	1
13_712	-11.1343	-4.25104	2
13_713	-9.55719	-4.03483	2
13_714	-10.0834	-4.33858	2
13_715	-8.26939	-3.67447	2
13_716	-11.0296	-4.01027	2
13_717	-9.5539	-4.14265	1
13_718	-13.0626	-4.34419	1
13_719	-11.2323	-4.41853	2
13_720	-8.65988	-3.59824	2
13_721	-10.5458	-4.29061	2
13_722	-8.29535	-3.70286	2
13_723	-8.28943	-3.65269	2
13_724	-12.0589	-4.45213	1
13_725	-12.499	-4.17746	1
13_726	-11.4592	-4.43047	1
13_727	-11.8357	-4.11672	2
13_728	-13.0243	-4.29917	1
13_729	-8.99622	-3.82383	2
13_731	-8.83234	-3.89172	2
13_732	-9.90146	-4.07084	2
13_733	-9.5861	-4.13745	1
13_734	-10.6781	-4.19172	2
13_735	-8.90398	-3.99933	2
13_736	-11.6595	-4.3642	2
13_737	-11.5042	-4.36209	2
13_738	-11.1418	-4.29659	2
13_739	-12.4264	-4.02625	1
13_740	-9.54056	-4.11877	1
13_741	-8.21668	-3.57284	2
13_742	-9.98906	-4.19262	2
13_743	-10.6356	-4.42802	2
13_745	-8.89076	-3.94755	2
13_746	-10.0677	-4.34065	2
13_747	-10.026	-4.25583	2
13_748	-14.4509	-3.73465	2
13_749	-11.6456	-4.32312	2
13_750	-10.5572	-4.12037	2
13_751	-7.62533	-3.35962	2
13_752	-8.30315	-3.70687	2
13_753	-12.2937	-4.32338	1
13_754	-8.92206	-3.83338	1
13_755	-14.8298	-3.71192	2
13_756	-10.6739	-4.17631	2
13_757	-9.59812	-4.13976	1
13_758	-9.60125	-4.16264	1
13_759	-8.30875	-3.67571	2
13_760	-8.91419	-3.99906	2
13_761	-10.4885	-4.41981	2
13_762	-10.6889	-4.46548	2
13_763	-10.0887	-4.36023	2
13_764	-9.43179	-4.2084	1
13_765	-9.47377	-3.91979	2
13_766	-9.00829	-3.81229	2
13_767	-10.6485	-4.42106	2
13_768	-12.6271	-4.06846	1
13_769	-9.50016	-4.01363	2
13_770	-11.2549	-4.47092	2
13_771	-8.9926	-3.84698	2
13_772	-10.7024	-4.15291	2
13_773	-12.4614	-3.98228	1
13_774	-11.4055	-4.09387	2
13_775	-11.1881	-4.32113	2
13_776	-10.1288	-4.37425	2
13_777	-12.5364	-4.1177	1
13_778	-13.2509	-4.01831	2
13_779	-12.0886	-4.47487	1
13_780	-8.95043	-3.83203	1
13_782	-9.54198	-4.02001	2
13_783	-10.9634	-4.39246	2
13_784	-11.8584	-4.12984	2
13_785	-11.6062	-4.40997	2
13_786	-12.0069	-4.4202	1
13_788	-13.559	-3.9893	2
13_789	-12.4603	-4.03611	1
13_790	-9.91746	-4.08935	2
13_791	-11.0918	-4.54038	1
13_792	-10.7319	-4.23155	2
13_793	-12.5684	-4.24259	1
13_794	-10.1211	-4.38304	2
13_795	-10.1222	-4.36558	2
13_796	-12.0242	-4.4108	1
13_797	-11.6639	-4.53273	1
13_798	-8.99566	-3.85056	2
13_799	-9.54391	-4.12793	1
13_800	-9.99384	-4.18844	2
13_801	-9.57583	-4.10135	1
13_802	-11.0755	-4.52721	1
13_803	-10.1225	-4.21407	2
13_804	-12.6421	-4.26223	1
13_805	-11.648	-4.35586	2
13_806	-8.27385	-3.6875	2
13_807	-13.0466	-4.37145	1
13_808	-10.0898	-4.34245	2
13_809	-9.55114	-4.1418	1
13_810	-10.644	-4.40954	2
13_811	-11.2519	-4.45488	2
13_812	-9.50987	-4.02179	2
13_813	-8.31373	-3.71194	2
13_814	-9.43653	-4.05137	2
13_815	-11.2243	-4.36781	2
13_816	-12.051	-4.41938	1
13_817	-11.6097	-4.42138	2
13_818	-9.46192	-4.23887	1
13_819	-12.0624	-4.44504	1
13_820	-10.3558	-3.97634	1
13_821	-11.0683	-4.54425	1
13_822	-9.59286	-4.16327	1
13_823	-8.90503	-4.00862	2
13_824	-10.0779	-4.35481	2
13_825	-8.2671	-3.65979	2
13_826	-9.57278	-4.14048	1
13_827	-10.6828	-4.46332	2
13_828	-12.0211	-4.40551	1
13_829	-7.59951	-3.33842	2
13_830	-10.6917	-4.47842	2
13_831	-9.56009	-4.14651	1
13_832	-8.84953	-3.88435	2
13_833	-12.7593	-4.35253	1
13_834	-9.3172	-4.05727	2
13_835	-10.0808	-4.33469	2
13_836	-11.5459	-4.38459	2
13_837	-10.6447	-4.04131	2
13_838	-10.0771	-4.09359	2
13_839	-8.90858	-4.00993	2
13_840	-14.5365	-3.82839	2
13_841	-13.4047	-4.28495	1
13_842	-14.7938	-3.72961	2
13_843	-11.0976	-4.15413	2
13_844	-9.53826	-4.14341	1
13_845	-9.57917	-4.08018	1
13_846	-13.348	-4.27461	1
13_847	-8.92123	-3.78545	1
13_848	-11.2403	-4.46208	2
13_849	-11.6606	-4.34271	2
13_850	-8.94154	-3.84107	1
13_851	-11.2077	-4.45488	2
13_852	-10.6976	-4.04632	2
13_853	-12.7737	-4.10635	1
13_854	-12.9287	-4.05362	1
13_855	-13.4232	-4.33882	1
13_856	-10.0067	-4.20911	2
13_857	-9.55569	-4.06329	2
13_858	-11.6241	-4.44818	2
13_859	-11.2122	-4.45185	2
13_860	-9.48975	-4.08359	2
13_861	-10.9757	-4.42069	2
13_862	-11.1873	-4.34953	2
13_863	-12.0792	-4.49264	1
13_864	-10.5595	-4.27823	2
13_865	-13.0421	-4.37723	1
13_866	-11.556	-4.33189	2
13_867	-8.87603	-3.77924	1
13_869	-10.0914	-4.37323	2
13_870	-8.84996	-3.79251	2
13_871	-10.6082	-4.18544	2
13_872	-11.4396	-4.40363	2
13_873	-12.5135	-4.19902	1
13_874	-10.1193	-4.37827	2
13_875	-10.501	-4.13877	2
13_876	-9.56247	-4.09152	1
13_877	-10.569	-4.41561	2
13_878	-11.0844	-4.554	1
13_879	-10.5107	-4.1147	2
13_880	-11.7388	-4.38278	2
13_881	-10.1103	-4.17318	2
13_882	-10.1223	-4.14904	2
13_883	-9.53997	-4.07556	2
13_884	-10.0475	-4.26599	2
13_885	-12.4839	-4.07932	1
13_886	-8.24468	-3.48152	2
13_887	-10.6443	-4.43361	2
13_888	-10.6211	-4.36457	2
13_889	-12.7526	-4.00748	1
13_890	-11.1366	-4.30486	2
13_891	-11.1687	-4.35901	2
13_894	-9.9116	-4.14558	2
13_895	-8.55529	-3.6327	2
13_896	-9.52492	-4.0702	2
13_897	-9.57331	-4.15206	1
13_898	-8.77474	-3.83593	1
13_899	-9.50238	-4.09545	2
13_900	-8.84367	-3.92372	2
13_901	-8.30895	-3.68833	2
13_902	-8.19158	-3.60973	2
13_903	-8.92227	-4.02023	2
13_905	-11.672	-4.57155	1
13_906	-10.0279	-3.877	2
13_907	-11.6901	-4.38924	2
13_908	-12.325	-4.39201	1
13_909	-10.6156	-4.37165	2
13_910	-10.1199	-4.39351	2
13_911	-8.92669	-3.83842	1
13_912	-9.49246	-4.10027	2
13_913	-12.7805	-4.37103	1
13_914	-15.1987	-3.7254	2
13_915	-12.0371	-4.43866	1
13_916	-12.5965	-4.35855	1
13_917	-13.2951	-4.07741	2
13_918	-11.5086	-4.48113	1
13_919	-9.38604	-4.01742	2
13_920	-10.6952	-4.47801	2
13_921	-10.5433	-4.25784	2
13_922	-10.6599	-4.17966	2
13_923	-8.87938	-3.81716	2
13_924	-8.87634	-3.81237	2
13_925	-10.1454	-4.25528	2
13_926	-12.8562	-4.0734	1
13_927	-13.5224	-4.00879	2
13_928	-12.0493	-4.46932	1
13_929	-10.4292	-4.33957	2
13_930	-10.9474	-4.35962	2
13_931	-10.1462	-4.23009	2
13_932	-10.5576	-4.12082	2
13_933	-13.0688	-4.40256	1
13_934	-10.1197	-4.39396	2
13_935	-10.6562	-4.23888	2
13_936	-8.25901	-3.67013	2
13_937	-12.0914	-4.5785	1
13_938	-11.6579	-4.38266	2
13_939	-11.6417	-4.39285	2
13_940	-11.0973	-4.57646	1
13_941	-8.86969	-3.94184	2
13_942	-9.98589	-3.92028	2
13_943	-14.692	-4.12528	1
13_944	-13.2552	-4.05997	2
13_945	-12.5613	-4.27285	1
13_946	-9.55543	-4.05424	2
13_947	-11.1523	-4.42779	2
13_948	-12.0357	-4.10688	1
13_949	-10.0053	-4.22435	2
13_950	-10.6555	-4.44936	2
13_951	-12.0607	-4.48919	1
13_952	-14.2209	-3.91066	2
13_953	-11.6336	-4.45704	2
13_954	-10.6159	-4.38117	2
13_955	-10.0626	-4.29533	2
13_956	-12.3485	-4.41164	1
13_957	-8.91976	-3.99444	2
13_958	-14.068	-3.77942	2
13_959	-9.5504	-4.14143	1
13_960	-10.696	-4.50306	2
13_961	-10.0111	-4.32604	2
13_962	-9.44151	-4.07051	2
13_963	-12.1091	-4.58712	1
13_966	-9.46112	-4.23369	1
13_967	-10.9795	-4.24331	2
13_968	-12.1017	-4.501	1
13_969	-16.6992	-3.32391	2
13_970	-10.0864	-4.36902	2
13_971	-8.86858	-3.94158	2
13_972	-11.6602	-4.56427	1
13_973	-11.079	-4.55717	1
13_974	-9.50834	-4.1464	1
13_975	-13.1121	-4.51937	1
13_976	-10.5476	-4.18985	2
13_977	-10.0737	-4.30424	2
13_978	-9.5304	-4.14277	1
13_979	-9.49264	-4.09619	2
13_980	-13.5991	-4.07271	2
13_981	-8.8671	-3.95539	2
13_982	-10.6518	-4.47561	2
13_983	-13.7672	-4.3256	1
13_984	-11.1766	-4.47449	2
13_985	-11.0375	-4.48434	1
13_986	-10.992	-4.00793	2
13_987	-15.6278	-2.88364	2
13_988	-12.4808	-4.25369	1
13_989	-10.6777	-4.48903	2
13_990	-10.0269	-4.21857	2
13_991	-9.5649	-4.15932	1
13_992	-12.3568	-4.43341	1
13_993	-11.3594	-4.09044	2
13_994	-11.6299	-4.44721	2
13_995	-9.99176	-4.23196	2
13_996	-9.62923	-3.66583	2
13_997	-12.0424	-4.43657	1
13_998	-13.0366	-4.10335	1
13_999	-9.54773	-4.12268	1
13_1000	-9.98291	-4.18613	2
13_1001	-11.1345	-4.36442	2
13_1002	-9.58604	-4.13761	1
13_1003	-14.408	-3.8049	2
13_1004	-12.9584	-4.37794	1
13_1005	-13.1477	-4.37673	1
13_1006	-11.181	-4.38133	2
13_1007	-11.6039	-4.64286	1
13_1008	-10.6338	-4.45201	2
13_1009	-11.0215	-4.47719	1
13_1010	-10.0594	-4.33259	2
13_1011	-10.5606	-4.42175	2
13_1012	-12.0559	-4.50668	1
13_1013	-11.8502	-4.06623	2
13_1014	-9.553	-4.14967	1
13_1015	-11.2244	-4.46487	2
13_1016	-11.7909	-4.44966	1
13_1017	-15.0361	-4.07775	2
13_1018	-10.5038	-4.16817	2
13_1019	-12.9949	-4.35876	1
13_1020	-11.2379	-4.41013	2
13_1021	-8.78875	-3.73677	2
13_1022	-12.1313	-4.56007	1
13_1023	-13.4602	-4.4049	1
13_1024	-10.6601	-4.47701	2
13_1025	-8.92915	-3.84142	2
13_1026	-10.4357	-4.34613	2
13_1027	-8.27365	-3.69047	2
13_1028	-11.2491	-4.48352	2
13_1029	-12.1828	-4.66218	1
13_1030	-10.0777	-4.21997	2
13_1031	-14.1113	-4.011	1
13_1032	-12.0485	-4.4968	1
13_1033	-10.0714	-4.34204	2
13_1034	-8.86889	-3.99281	2
13_1035	-9.41163	-4.17351	2
13_1036	-9.49074	-4.11537	2
13_1037	-10.7313	-4.06168	2
13_1038	-11.2255	-4.49947	2
13_1039	-12.595	-4.42717	2
13_1040	-11.0952	-4.56841	1
13_1041	-10.5558	-4.28231	2
13_1042	-9.51871	-4.13838	1
13_1043	-12.112	-4.61555	1
13_1044	-8.96893	-3.815	1
13_1045	-10.6453	-4.11828	2
13_1046	-12.3281	-4.43546	1
13_1047	-10.6298	-4.23525	2
13_1048	-15.2491	-3.8221	2
13_1049	-16.3142	-3.41376	2
13_1050	-11.2259	-4.47492	2
13_1051	-13.0394	-4.39445	1
13_1052	-11.748	-4.57861	1
13_1053	-9.54553	-4.13657	1
13_1054	-10.4524	-4.38756	2
13_1055	-14.6908	-4.19406	1
13_1056	-14.4003	-3.70458	2
13_1057	-10.9177	-4.35138	2
13_1058	-9.53969	-4.09543	1
13_1059	-10.6704	-4.48451	2
13_1060	-10.6625	-4.16209	2
13_1061	-11.1316	-4.33201	2
13_1062	-18.4072	-2.23516	2
13_1063	-9.5386	-4.07473	2
13_1065	-12.1015	-4.53478	1
13_1066	-11.6426	-4.67982	1
13_1067	-12.8165	-4.49499	1
13_1068	-8.90967	-3.81717	1
13_1069	-12.0573	-4.50279	1
13_1070	-10.1048	-4.25409	2
13_1071	-13.783	-4.37526	1
13_1072	-10.7162	-4.26609	2
13_1073	-13.0844	-4.41787	1
13_1074	-13.796	-4.3744	1
13_1075	-12.6104	-4.34297	1
13_1076	-16.9357	-2.65799	2
13_1077	-10.1043	-4.39589	2
13_1078	-13.5217	-4.06358	2
13_1081	-10.4978	-4.46081	1
13_1082	-11.7676	-4.5766	1
13_1083	-10.095	-4.36548	2
13_1084	-14.5416	-3.88773	2
13_1085	-13.5172	-4.48431	2
13_1086	-10.6348	-4.46698	2
13_1087	-12.1704	-4.66568	1
13_1088	-16.7081	-3.40155	2
13_1089	-10.0471	-4.29254	2
13_1090	-11.6039	-4.5091	1
13_1091	-11.1816	-4.35985	2
13_1092	-9.53612	-4.15672	1
13_1093	-11.0896	-4.59704	1
13_1094	-10.079	-4.39446	2
13_1095	-10.0135	-4.28684	2
13_1096	-8.81256	-3.75587	2
13_1097	-12.1177	-4.56113	1
13_1098	-10.7012	-4.5147	2
13_1099	-11.493	-4.41773	2
13_1100	-10.6575	-4.2609	2
13_1101	-11.7448	-4.56236	1
13_1102	-12.1181	-4.58062	1
13_1103	-12.8361	-4.52511	2
13_1104	-14.5495	-3.90986	2
13_1105	-11.656	-4.60401	1
13_1106	-15.418	-3.59119	2
13_1107	-12.6282	-4.36836	1
13_1108	-13.0436	-4.56298	1
13_1109	-9.45599	-4.08021	2
13_1110	-12.3506	-4.48214	2
13_1111	-15.2538	-3.84862	2
13_1112	-10.107	-4.3901	2
13_1113	-12.4445	-3.99619	1
13_1114	-11.2239	-4.49657	2
13_1115	-10.6048	-4.33828	2
13_1116	-10.1734	-4.27294	2
13_1117	-13.3495	-4.39466	1
13_1118	-13.048	-4.46041	1
13_1119	-13.0101	-4.1643	1
13_1120	-13.5289	-3.90794	1
13_1121	-10.6207	-4.4787	2
13_1122	-11.2004	-4.32309	2
13_1123	-11.6133	-4.44753	2
13_1124	-12.1727	-4.64014	1
13_1125	-13.3061	-4.47041	1
13_1126	-11.2221	-4.50019	2
13_1127	-14.8392	-3.88882	1
13_1128	-11.0478	-4.39788	2
13_1129	-10.4464	-4.0931	1
13_1130	-13.0367	-4.51597	1
13_1131	-10.0852	-4.34061	2
13_1132	-11.1245	-4.44585	2
13_1133	-9.51746	-4.12311	1
13_1134	-10.0219	-4.34977	2
13_1135	-9.42399	-4.06865	2
13_1136	-8.77478	-3.88875	2
13_1137	-10.6855	-4.48951	2
13_1138	-11.0113	-4.46597	1
13_1139	-12.8772	-4.10256	1
13_1140	-10.0456	-4.37869	2
13_1141	-10.1166	-4.26818	2
13_1142	-11.7439	-4.57763	1
13_1143	-12.5747	-4.40597	1
13_1144	-11.6221	-4.66722	1
13_1145	-13.4912	-4.41881	1
13_1146	-10.647	-4.49848	2
13_1147	-13.5281	-4.49796	2
13_1148	-13.64	-4.14401	2
13_1149	-12.8217	-4.53164	2
13_1150	-14.3814	-4.04054	2
13_1151	-11.6417	-4.51488	1
13_1152	-13.0451	-4.53718	1
13_1153	-14.1274	-3.88356	2
13_1155	-14.7174	-4.2402	1
13_1156	-9.45448	-4.09863	2
13_1157	-12.1925	-4.7051	1
13_1158	-13.0978	-4.49827	1
13_1159	-11.1901	-4.51182	2
13_1160	-15.0491	-4.18717	1
13_1161	-16.7855	-3.51974	2
13_1162	-8.89124	-3.8321	2
13_1163	-10.6506	-4.24075	2
13_1164	-10.6876	-4.46752	2
13_1165	-13.8356	-4.47372	1
13_1166	-10.9723	-4.413	2
13_1167	-11.6596	-4.37355	2
13_1168	-13.0446	-4.49764	1
13_1169	-11.876	-4.16581	2
13_1170	-12.1759	-4.68702	1
13_1171	-9.82637	-4.04167	2
13_1172	-9.50663	-4.15135	1
13_1173	-11.165	-4.47471	2
13_1174	-11.1034	-4.60491	1
13_1175	-10.5777	-4.23308	2
13_1176	-12.6411	-4.47136	2
13_1177	-14.702	-4.21363	1
13_1178	-18.7378	-2.2142	2
13_1179	-11.0894	-4.57389	1
13_1180	-12.0526	-4.45937	1
13_1181	-11.7193	-4.49498	1
13_1182	-13.3517	-4.55458	1
13_1183	-10.6967	-4.53006	2
13_1184	-13.037	-4.55385	1
13_1185	-14.3964	-4.06649	2
13_1186	-12.1737	-4.6889	1
13_1187	-16.9744	-3.27388	2
13_1188	-13.7882	-4.43289	1
13_1189	-14.9303	-3.95364	2
13_1190	-13.2244	-4.14601	2
13_1191	-10.3611	-4.05292	1
13_1192	-12.1779	-4.19532	1
13_1193	-12.7928	-4.47138	1
13_1194	-10.6713	-4.52312	2
13_1195	-11.5701	-4.48569	1
13_1196	-13.5947	-3.96641	2
13_1197	-15.4753	-3.71597	2
13_1199	-12.5335	-4.41154	1
13_1200	-11.6	-4.49971	1
13_1201	-13.8372	-4.49675	1
13_1203	-10.0315	-4.39014	2
13_1204	-13.5216	-4.59975	1
13_1205	-11.5551	-4.58138	1
13_1207	-14.1671	-4.1039	1
13_1208	-11.8702	-3.99324	1
13_1209	-12.4687	-4.28699	1
13_1210	-11.6511	-4.41432	2
13_1211	-11.9495	-4.17438	1
13_1214	-10.1254	-4.20911	2
13_1215	-7.98891	-3.26365	2
13_1216	-8.75068	-3.69894	2
13_1217	-9.38255	-4.01747	2
13_1218	-9.77207	-3.79781	2
13_1219	-14.7105	-4.27651	1
13_1220	-13.0171	-4.6673	2
13_1221	-14.5825	-3.90881	2
13_1222	-11.5597	-4.49324	1
13_1223	-11.4884	-4.44812	1
13_1224	-11.1234	-4.49413	1
13_1225	-10.626	-4.41414	2
13_1226	-12.051	-4.51948	1
13_1227	-11.7512	-4.59705	1
13_1228	-13.5291	-4.53151	2
13_1229	-15.2821	-3.92918	2
13_1230	-13.062	-4.60303	1
13_1231	-12.3621	-4.4521	1
13_1232	-15.013	-4.22127	1
13_1234	-16.8064	-3.57978	2
13_1235	-14.5743	-4.40514	1
13_1236	-10.2426	-3.98063	2
13_1237	-14.0886	-3.93816	1
13_1238	-11.4016	-4.10923	2
13_1240	-12.8244	-4.55136	2
13_1241	-11.7645	-4.42619	1
13_1242	-13.4812	-4.51167	1
13_1243	-12.1521	-4.62902	1
13_1244	-11.5989	-4.62719	1
13_1245	-9.86333	-4.21222	2
13_1246	-13.3471	-4.55117	1
13_1247	-12.4274	-4.37367	1
13_1248	-15.4664	-4.24775	2
13_1249	-14.6014	-3.94047	2
13_1250	-11.0931	-4.46064	1
13_1251	-12.8932	-4.41602	1
13_1252	-14.7127	-4.37884	1
13_1253	-14.5844	-4.40203	1
13_1254	-10.4594	-4.1743	2
13_1255	-12.5575	-4.47167	2
13_1256	-14.6785	-4.28901	1
13_1257	-16.7319	-3.55594	2
13_1258	-16.9445	-3.84882	2
13_1259	-16.1639	-3.63488	2
13_1260	-17.3617	-3.32679	2
13_1261	-11.648	-3.98912	2
13_1262	-13.0274	-4.66904	2
13_1263	-15.6755	-3.73423	2
13_1264	-14.0966	-4.18849	1
13_1265	-11.0527	-4.54522	1
13_1266	-12.3405	-4.50284	2
13_1267	-19.0648	-2.73593	2
13_1268	-16.5104	-3.8738	2
13_1269	-14.6082	-4.44597	1
13_1270	-12.1785	-4.72477	1
13_1271	-18.83	-2.99386	2
13_1272	-13.8396	-4.5338	1
13_1273	-15.4834	-3.80603	2
13_1274	-16.1958	-3.68584	2
13_1275	-21.0259	-1.5263	2
13_1276	-16.7748	-2.50811	2
13_1277	-11.528	-4.46849	1
13_1278	-13.5012	-4.64	1
13_1279	-17.7067	-2.34729	2
13_1280	-15.4935	-4.31767	2
13_1281	-17.418	-3.43787	2
13_1282	-16.9556	-3.44704	2
13_1283	-15.0111	-4.30646	1
13_1284	-13.1575	-4.3896	1
13_1285	-13.0045	-4.61528	1
13_1286	-11.4812	-4.56396	1
13_1287	-10.1849	-4.28745	2
13_1289	-19.2305	-1.97281	2
13_1290	-12.2861	-4.30513	1
13_1291	-14.6286	-4.38464	1
13_1292	-16.9385	-3.94637	2
13_1293	-19.1562	-2.94189	2
13_1294	-21.2516	-1.35032	2
13_1295	-21.3528	-2.13203	2
13_1296	-18.8642	-3.27153	2
13_1297	-16.2676	-3.83703	2
13_1298	-13.6033	-3.86332	1
13_1299	-10.9586	-3.4354	2
13_1300	-23.7112	-0.400697	2
13_1301	-25.9259	1.9326	2
