3_1	6	-5.99295	4.62264	-4.91421
4_1	5.65685	-4.96472	4.35827	-4.1984
4_2	6	-5.99295	5.7783	-6.31827
5_1	5.47214	-4.41122	4.21596	-3.82204
5_2	6.13248	-6.38991	5.36444	-5.56404
5_3	6	-5.99295	6.93396	-7.72233
6_1	5.35692	-4.06598	4.12719	-3.59007
6_2	5.86734	-5.59544	5.00516	-4.90927
6_3	5.85746	-5.56582	4.98135	-4.8659
6_4	6.14773	-6.43561	5.68944	-5.87551
6_5	6.37712	-7.123	6.49025	-7.05411
6_6	6	-5.99295	8.08963	-9.12639
7_1	5.27827	-3.8303	4.06659	-3.43283
7_2	5.65637	-4.96328	4.76883	-4.4786
7_3	5.73165	-5.18884	4.7933	-4.52319
7_4	5.90265	-5.70125	5.29165	-5.19737
7_5	6.16932	-6.50032	6.04039	-6.32787
7_6	6.06457	-6.18644	5.39648	-5.38842
7_7	6.23336	-6.6922	6.01055	-6.2735
7_8	5.58034	-4.73544	4.66736	-4.29368
7_9	6.26741	-6.79423	6.4757	-6.88718
7_10	6.47506	-7.41646	7.60816	-8.48297
7_11	6	-5.99295	9.24529	-10.5304
8_1	5.22118	-3.65925	4.02261	-3.31925
8_2	5.58451	-4.74793	4.63204	-4.22931
8_3	5.59918	-4.7919	4.63422	-4.23328
8_4	5.69722	-5.08568	5.03995	-4.7721
8_5	5.57405	-4.71661	4.61255	-4.19379
8_6	5.95411	-5.85543	5.70862	-5.79011
8_7	5.88227	-5.64016	5.13206	-4.93997
8_8	5.89466	-5.67729	5.14638	-4.96607
8_9	6.08457	-6.24637	6.07005	-6.24821
8_10	5.58175	-4.73967	4.61103	-4.19102
8_11	5.87631	-5.62231	5.13016	-4.93651
8_12	6.10608	-6.31083	5.73073	-5.8304
8_13	6.09035	-6.26369	5.59601	-5.58488
8_14	6.33172	-6.98693	7.09936	-7.72287
8_15	6.27763	-6.82487	6.16116	-6.41425
8_16	5.90706	-5.71446	5.14777	-4.96859
8_17	6.294	-6.8739	6.15794	-6.40838
8_18	6.24986	-6.74165	6.89253	-7.34594
8_19	6.36352	-7.08223	7.4302	-8.12523
8_20	5.96816	-5.89753	5.58561	-5.56594
8_21	6.45971	-7.37045	7.08574	-7.69805
8_22	6.50616	-7.50966	8.71996	-9.87395
8_23	6	-5.99295	10.4009	-11.9345
9_1	5.17788	-3.52949	3.98925	-3.23338
9_2	5.49476	-4.47901	4.51663	-4.01898
9_3	5.67636	-5.02318	4.90622	-4.55347
9_4	5.50953	-4.52326	4.5249	-4.03405
9_5	5.90463	-5.70716	5.49959	-5.45933
9_6	5.51144	-4.52901	4.52103	-4.027
9_7	5.72145	-5.15827	4.93329	-4.6028
9_8	5.74905	-5.24098	4.96358	-4.65799
9_9	5.90237	-5.70039	5.78951	-5.81217
9_10	5.7474	-5.23605	4.95413	-4.64077
9_11	5.49194	-4.47056	4.49858	-3.98609
9_12	5.75199	-5.24979	4.94745	-4.62861
9_13	5.92942	-5.78147	5.47456	-5.4137
9_14	5.93827	-5.80798	5.34936	-5.18554
9_15	5.78738	-5.35583	4.97378	-4.67659
9_16	6.14013	-6.41286	6.69765	-7.11617
9_17	6.10303	-6.30168	5.85451	-5.93063
9_18	5.76874	-5.29999	4.96207	-4.65524
9_19	5.49153	-4.46934	4.49587	-3.98115
9_20	5.91562	-5.7401	5.44812	-5.36552
9_21	6.1226	-6.36032	5.86387	-5.94768
9_22	6.13473	-6.39668	5.86985	-5.95857
9_23	6.0757	-6.21979	6.43775	-6.64252
9_24	6.00507	-6.00814	5.38561	-5.25161
9_25	6.23086	-6.68472	7.00349	-7.49802
9_26	5.76862	-5.29961	4.95874	-4.64918
9_27	6.12605	-6.37066	5.84306	-5.90975
9_28	5.76521	-5.28941	4.94973	-4.63275
9_29	6.21702	-6.64325	6.18934	-6.36532
9_30	5.93985	-5.8127	5.43596	-5.34335
9_31	6.16411	-6.48471	5.8575	-5.93608
9_32	6.34765	-7.03466	6.72887	-7.17306
9_33	6.41335	-7.23155	8.16298	-9.08456
9_34	5.99083	-5.96549	5.376	-5.23409
9_35	6.16559	-6.48915	5.87505	-5.96805
9_36	6.23341	-6.69236	6.18076	-6.34967
9_37	6.42914	-7.27886	7.07221	-7.62324
9_38	6.36831	-7.09657	6.62312	-6.98034
9_39	6.17299	-6.51131	5.85039	-5.92312
9_40	6.46418	-7.38387	7.06787	-7.61534
9_41	6.29096	-6.86481	7.60719	-8.24719
9_42	6.41667	-7.24148	8.43905	-9.41216
9_43	5.7059	-5.11167	5.23048	-4.96889
9_44	6.27437	-6.81508	6.60431	-6.94605
9_45	6.58342	-7.74117	8.16775	-9.09325
9_46	6.5073	-7.51307	9.83184	-11.2484
9_47	6	-5.99295	11.5566	-13.3386
10_1	5.14391	-3.4277	3.96308	-3.16618
10_2	5.41361	-4.23585	4.42448	-3.85104
10_3	5.59639	-4.78355	4.77947	-4.34197
10_4	5.43875	-4.31117	4.43771	-3.87515
10_5	5.8051	-5.40893	5.31171	-5.15593
10_6	5.436	-4.30293	4.43207	-3.86487
10_7	5.65611	-4.96249	4.8149	-4.40654
10_8	5.41183	-4.23051	4.41686	-3.83716
10_9	5.91089	-5.72594	5.62162	-5.56471
10_10	5.67251	-5.01164	4.83556	-4.44419
10_11	5.64248	-4.92166	4.81508	-4.40688
10_12	5.42513	-4.27038	4.41794	-3.83913
10_13	5.64525	-4.92994	4.80077	-4.38079
10_14	5.64859	-4.93996	4.82116	-4.41795
10_15	5.84638	-5.53265	5.30292	-5.13991
10_16	5.7955	-5.38018	5.16649	-4.89128
10_17	5.94798	-5.83709	5.62417	-5.56935
10_18	6.11809	-6.3468	6.4272	-6.72079
10_19	5.68057	-5.0358	4.83591	-4.44483
10_20	5.65047	-4.94559	4.8006	-4.38048
10_21	5.78346	-5.3441	5.12352	-4.81296
10_22	5.67396	-5.01599	4.82681	-4.42825
10_23	5.95907	-5.8703	5.62386	-5.56879
10_24	5.91491	-5.73798	6.14703	-6.21021
10_25	5.98211	-5.93933	5.6355	-5.59
10_26	5.96907	-5.90027	5.62623	-5.57311
10_27	5.43573	-4.30212	4.42459	-3.85124
10_28	5.66414	-4.98656	4.81827	-4.41269
10_29	5.88425	-5.64612	5.2011	-4.95436
10_30	5.82562	-5.47043	5.28693	-5.11077
10_31	6.06429	-6.18558	6.66722	-7.00219
10_32	5.89176	-5.66862	5.20555	-4.96246
10_33	5.65642	-4.96342	4.80223	-4.38345
10_34	5.67835	-5.02913	4.82788	-4.4302
10_35	5.96598	-5.89102	5.60446	-5.53342
10_36	6.07733	-6.22466	5.91284	-5.93942
10_37	5.8965	-5.68282	5.20805	-4.96701
10_38	6.02799	-6.07682	5.63445	-5.58809
10_39	6.0859	-6.25034	5.92623	-5.96383
10_40	5.66892	-5.00087	4.83486	-4.44292
10_41	5.99367	-5.97399	5.6352	-5.58945
10_42	5.81774	-5.44682	5.24676	-5.03757
10_43	5.99598	-5.98089	5.62734	-5.57513
10_44	5.66701	-4.99516	4.81376	-4.40447
10_45	6.16473	-6.48655	6.39882	-6.66908
10_46	6.28069	-6.83402	6.73334	-7.12269
10_47	5.86858	-5.59916	5.18797	-4.93043
10_48	6.0547	-6.15685	5.64237	-5.60251
10_49	5.85403	-5.55555	5.18972	-4.93361
10_50	6.25033	-6.74305	7.70529	-8.42597
10_51	6.18531	-6.54823	6.26216	-6.42002
10_52	6.03803	-6.1069	5.5351	-5.40702
10_53	6.11313	-6.33194	5.9319	-5.97416
10_54	5.68035	-5.03513	4.82138	-4.41836
10_55	6.06075	-6.17499	5.64288	-5.60346
10_56	6.29786	-6.88549	6.72511	-7.10769
10_57	6.18516	-6.54777	5.96651	-6.03722
10_58	6.05331	-6.1527	5.64449	-5.60639
10_59	6.16999	-6.50231	7.18212	-7.62855
10_60	5.89274	-5.67156	5.18923	-4.93272
10_61	6.32517	-6.9673	6.73997	-7.13478
10_62	5.37456	-4.11883	4.37222	-3.7558
10_63	5.64432	-4.92717	4.80525	-4.38896
10_64	5.82184	-5.4591	5.24439	-5.03325
10_65	6.16424	-6.48509	6.3758	-6.62712
10_66	6.1892	-6.55988	5.95889	-6.02335
10_67	6.01619	-6.04145	5.63696	-5.59267
10_68	6.24053	-6.71369	6.32301	-6.53091
10_69	6.31749	-6.94431	7.97432	-8.76024
10_70	5.91376	-5.73452	5.21022	-4.97096
10_71	5.62445	-4.86763	4.77818	-4.33962
10_72	6.23403	-6.69422	6.54214	-6.77425
10_73	6.19948	-6.5907	5.95939	-6.02425
10_74	5.84493	-5.5283	5.17782	-4.91192
10_75	6.34489	-7.02641	6.99286	-7.43964
10_76	6.04977	-6.14209	5.62252	-5.56634
10_77	6.04934	-6.1408	5.61852	-5.55905
10_78	6.31422	-6.93449	6.69803	-7.05834
10_79	6.0152	-6.0385	5.59141	-5.50965
10_80	5.75398	-5.25575	5.17249	-4.90222
10_81	6.3041	-6.90418	6.32656	-6.53738
10_82	6.15631	-6.46133	5.95156	-6.00998
10_83	6.38869	-7.15765	6.72997	-7.11656
10_84	6.22797	-6.67607	6.36966	-6.61594
10_85	6.28303	-6.84105	6.57769	-6.83903
10_86	6.49208	-7.46747	7.74706	-8.50208
10_87	6.35243	-7.04899	6.73725	-7.12982
10_88	6.5186	-7.54691	8.03632	-8.87323
10_89	6.45167	-7.34636	9.23314	-10.4303
10_90	6.44831	-7.3363	7.31886	-7.87774
10_91	6.32532	-6.96775	6.344	-6.56917
10_92	5.9641	-5.88538	5.46173	-5.27332
10_93	6.19744	-6.58458	5.94467	-5.99743
10_94	6.36516	-7.08714	6.95806	-7.37622
10_95	6.4657	-7.3884	7.32445	-7.88792
10_96	5.99794	-5.98678	5.56537	-5.46219
10_97	6.26875	-6.79825	8.06675	-8.77269
10_98	6.39325	-7.17131	6.70748	-7.07557
10_99	6.3365	-7.00127	8.47122	-9.3538
10_100	6.56842	-7.6962	8.0337	-8.86846
10_101	6.44062	-7.31325	9.47382	-10.7129
10_102	6.0389	-6.10952	6.18124	-6.27255
10_103	6.47748	-7.42372	7.65057	-8.32624
10_104	6.64662	-7.93053	9.2526	-10.4658
10_105	6.49498	-7.47613	10.9466	-12.617
10_106	6	-5.99295	12.7123	-14.7426
11_1	5.11655	-3.34572	3.942	-3.11217
11_2	5.37054	-4.10678	4.35956	-3.73273
11_3	5.51188	-4.53032	4.67337	-4.16422
11_4	5.38385	-4.14669	4.36915	-3.7502
11_5	5.70364	-5.1049	5.15432	-4.9003
11_6	5.58088	-4.73706	4.70943	-4.22992
11_7	5.37794	-4.12897	4.36239	-3.73788
11_8	5.83322	-5.49321	5.45084	-5.30027
11_9	5.3816	-4.13993	4.36359	-3.74007
11_10	5.59335	-4.77444	4.7258	-4.25976
11_11	5.58012	-4.7348	4.70876	-4.2287
11_12	5.57411	-4.71678	4.70056	-4.21376
11_13	5.37398	-4.11709	4.35887	-3.73147
11_14	5.58476	-4.74869	4.71742	-4.2445
11_15	5.75357	-5.25453	5.1523	-4.89662
11_16	5.54187	-4.62017	4.70272	-4.2177
11_17	5.74985	-5.2434	5.04535	-4.70172
11_18	5.90143	-5.69759	5.47288	-5.34044
11_19	6.02502	-6.06792	6.17792	-6.3445
11_20	5.59937	-4.79248	4.71907	-4.2475
11_21	5.59937	-4.79248	4.71907	-4.2475
11_22	5.68859	-5.05982	4.99291	-4.60614
11_23	5.96237	-5.8802	5.98723	-5.99699
11_24	5.59822	-4.78904	4.72452	-4.25744
11_25	5.91612	-5.74161	5.47645	-5.34695
11_26	5.60383	-4.80584	4.72755	-4.26295
11_27	5.86373	-5.58463	5.45403	-5.30609
11_28	5.76799	-5.29774	5.04854	-4.70753
11_29	5.90309	-5.70255	5.45671	-5.31097
11_30	6.09002	-6.2627	6.44672	-6.69396
11_31	5.38304	-4.14424	4.36053	-3.73449
11_32	5.57343	-4.71474	4.70682	-4.22518
11_33	5.74848	-5.23928	5.14198	-4.87782
11_34	5.87288	-5.61203	5.45849	-5.31422
11_35	5.5714	-4.70867	4.68772	-4.19037
11_36	5.77269	-5.31181	5.05355	-4.71665
11_37	5.76806	-5.29794	5.03231	-4.67795
11_38	5.94009	-5.81344	5.70396	-5.62117
11_39	5.60646	-4.81372	4.72362	-4.25579
11_40	5.60646	-4.81372	4.72362	-4.25579
11_41	5.90387	-5.70489	5.44844	-5.2959
11_42	5.9041	-5.7056	5.44081	-5.282
11_43	5.77822	-5.32839	5.04742	-4.70548
11_44	5.95236	-5.85019	5.71718	-5.64525
11_45	5.69102	-5.0671	5.11065	-4.82071
11_46	5.36637	-4.09429	4.34463	-3.70552
11_47	5.89495	-5.67817	5.44554	-5.29061
11_48	5.59833	-4.78937	4.72336	-4.25532
11_49	5.7332	-5.1935	5.10791	-4.81571
11_50	5.9558	-5.86049	5.6936	-5.60228
11_51	5.87809	-5.62764	5.45751	-5.31244
11_52	6.13179	-6.38785	6.45213	-6.70383
11_53	5.78304	-5.34284	5.05836	-4.72542
11_54	5.59737	-4.78649	4.72149	-4.25192
11_55	6.09686	-6.28319	6.16893	-6.32812
11_56	6.02195	-6.05872	6.00169	-6.02334
11_57	5.78244	-5.34105	5.05454	-4.71846
11_58	5.78924	-5.36141	5.05544	-4.7201
11_59	5.77004	-5.30387	5.05425	-4.71793
11_60	5.60084	-4.79687	4.71819	-4.24589
11_61	5.91655	-5.7429	5.34124	-5.10055
11_62	5.94418	-5.8257	5.47483	-5.344
11_63	5.6	-4.79436	4.72798	-4.26374
11_64	5.88092	-5.63612	5.4542	-5.30639
11_65	6.25363	-6.75294	7.38192	-7.97706
11_66	5.96682	-5.89351	5.72087	-5.65198
11_67	6.03767	-6.10582	6.88554	-7.21286
11_68	5.9259	-5.77091	5.44933	-5.29753
11_69	6.07088	-6.20535	5.7614	-5.72583
11_70	5.79529	-5.37955	5.05289	-4.71546
11_71	5.90624	-5.71201	5.43665	-5.27441
11_72	5.93233	-5.79018	5.35525	-5.12608
11_73	6.1729	-6.51105	6.46106	-6.72009
11_74	5.6076	-4.81712	4.72455	-4.25749
11_75	6.06192	-6.1785	5.7459	-5.69759
11_76	5.94336	-5.82324	5.47403	-5.34254
11_77	6.15174	-6.44764	6.43581	-6.67407
11_78	6.14685	-6.43297	6.43762	-6.67737
11_79	5.80526	-5.40942	5.06353	-4.73485
11_80	6.07418	-6.21522	5.75219	-5.70906
11_81	5.59368	-4.77543	4.70857	-4.22836
11_82	5.91514	-5.73866	5.43508	-5.27155
11_83	5.95876	-5.86937	5.67747	-5.57289
11_84	5.71935	-5.152	5.01424	-4.64502
11_85	5.80565	-5.41058	5.0655	-4.73844
11_86	5.54071	-4.6167	4.66112	-4.1419
11_87	5.36992	-4.10493	4.34645	-3.70883
11_88	5.80378	-5.40499	5.06199	-4.73203
11_89	6.16895	-6.49919	7.58617	-8.20889
11_90	6.11624	-6.34126	6.26321	-6.35952
11_91	5.88996	-5.66322	5.45836	-5.31398
11_92	5.58778	-4.75775	4.70785	-4.22705
11_93	6.08859	-6.2584	5.76407	-5.7307
11_94	6.08859	-6.2584	5.76407	-5.7307
11_95	6.08554	-6.24927	6.04689	-6.10572
11_96	6.07919	-6.23025	5.75909	-5.72162
11_97	5.91902	-5.7503	5.45693	-5.31138
11_98	5.91531	-5.73917	5.43149	-5.26502
11_99	6.23074	-6.68436	6.70112	-7.01717
11_100	5.59676	-4.78465	4.70947	-4.23
11_101	6.09208	-6.26886	6.07134	-6.15026
11_102	5.75024	-5.24456	5.11549	-4.82954
11_103	5.9239	-5.76491	5.43754	-5.27603
11_104	6.0609	-6.17544	6.14738	-6.28885
11_105	5.96313	-5.88246	5.37218	-5.15692
11_106	5.75911	-5.27113	5.03441	-4.68177
11_107	5.91353	-5.73383	5.42569	-5.25444
11_108	6.2299	-6.68185	6.68961	-6.9962
11_109	6.14656	-6.43211	6.04547	-6.10312
11_110	6.00714	-6.01436	5.72326	-5.65633
11_111	5.80078	-5.396	5.05983	-4.7281
11_112	6.08302	-6.2417	5.75179	-5.70833
11_113	6.18831	-6.55722	6.45326	-6.70589
11_114	5.91862	-5.74909	5.42412	-5.25158
11_115	6.25219	-6.74864	6.46205	-6.7219
11_116	5.80597	-5.41154	5.05676	-4.72251
11_117	6.15865	-6.46836	6.29087	-6.40993
11_118	5.79068	-5.36573	5.04416	-4.69954
11_119	6.15209	-6.44867	6.40118	-6.61096
11_120	5.58234	-4.74143	4.71813	-4.24579
11_121	6.07755	-6.22533	5.73696	-5.68129
11_122	5.67254	-5.01173	5.03281	-4.67886
11_123	6.15974	-6.47162	6.01298	-6.04392
11_124	5.80522	-5.40929	5.05921	-4.72697
11_125	6.09134	-6.26664	5.75652	-5.71695
11_126	6.29646	-6.88129	6.96181	-7.35186
11_127	6.08164	-6.23758	6.10713	-6.2155
11_128	5.73649	-5.20336	5.03922	-4.69054
11_129	6.39227	-7.16837	7.6547	-8.33378
11_130	6.01354	-6.03351	5.73093	-5.67032
11_131	6.09266	-6.27061	5.74707	-5.69972
11_132	6.1599	-6.47209	6.0566	-6.12341
11_133	6.15919	-6.46995	6.29335	-6.41445
11_134	5.9524	-5.85031	5.47203	-5.33889
11_135	6.19185	-6.56783	6.44991	-6.69978
11_136	5.93684	-5.80368	5.42792	-5.2585
11_137	6.31954	-6.95046	7.35856	-7.93449
11_138	5.58955	-4.76304	4.70293	-4.21808
11_139	6.09768	-6.28563	5.7521	-5.70889
11_140	6.31691	-6.94256	6.97325	-7.3727
11_141	5.94422	-5.8258	5.44716	-5.29357
11_142	5.86391	-5.58517	5.31844	-5.05899
11_143	6.27204	-6.80811	6.45377	-6.70682
11_144	6.31512	-6.93719	8.72834	-9.72876
11_145	6.14661	-6.43225	7.58991	-8.07529
11_146	6.34661	-7.03156	6.73394	-7.07698
11_147	5.97137	-5.90717	5.37217	-5.1569
11_148	6.09204	-6.26875	5.73897	-5.68496
11_149	5.78683	-5.3542	5.04365	-4.69861
11_150	6.09587	-6.28023	5.75755	-5.71883
11_151	6.17882	-6.52879	6.01649	-6.0503
11_152	5.948	-5.83713	5.44789	-5.2949
11_153	6.21996	-6.65205	6.11028	-6.22124
11_154	6.26614	-6.79044	6.33746	-6.49484
11_155	6.41184	-7.22703	7.64277	-8.31202
11_156	6.26723	-6.7937	6.68607	-6.98976
11_157	6.24981	-6.7415	8.04564	-8.76541
11_158	5.91612	-5.74162	5.42061	-5.24518
11_159	5.60278	-4.80268	4.71529	-4.24061
11_160	5.80434	-5.40666	5.059	-4.72658
11_161	6.27782	-6.82543	6.45875	-6.71588
11_162	5.80744	-5.41595	5.05683	-4.72264
11_163	5.94122	-5.81681	5.43163	-5.26526
11_164	6.09324	-6.27235	5.73101	-5.67045
11_165	6.28029	-6.83284	6.45558	-6.71012
11_166	6.20862	-6.61807	6.44845	-6.69712
11_167	6.34817	-7.03625	7.00014	-7.4217
11_168	6.10979	-6.32194	5.7643	-5.73112
11_169	6.29075	-6.86416	6.36255	-6.54057
11_170	6.11037	-6.32368	5.74968	-5.70449
11_171	6.31051	-6.92338	7.18484	-7.61789
11_172	6.44733	-7.33336	7.65866	-8.341
11_173	6.36066	-7.07367	6.7202	-7.05195
11_174	6.1169	-6.34323	5.76149	-5.72601
11_175	6.3294	-6.97999	7.33991	-7.9005
11_176	6.10054	-6.29422	6.11117	-6.22286
11_177	5.88133	-5.63737	5.44104	-5.28241
11_178	5.67627	-5.0229	5.05177	-4.7134
11_179	5.91164	-5.72819	5.40883	-5.22372
11_180	5.70679	-5.11437	5.05715	-4.72322
11_181	6.36635	-7.09072	8.96901	-10.027
11_182	6.30458	-6.9056	6.36499	-6.54501
11_183	5.95429	-5.85599	5.34738	-5.11173
11_184	6.01877	-6.0492	5.73306	-5.67419
11_185	6.21462	-6.63607	6.10776	-6.21664
11_186	6.36061	-7.0735	7.00002	-7.42149
11_187	5.8941	-5.67561	5.38724	-5.18436
11_188	6.43257	-7.28914	7.87621	-8.59705
11_189	6.1074	-6.31477	5.73676	-5.68094
11_190	6.36712	-7.09302	6.70573	-7.02557
11_191	6.21417	-6.63469	6.32051	-6.46395
11_192	6.2727	-6.81009	6.83724	-7.12484
11_193	6.28156	-6.83662	6.43981	-6.68136
11_194	6.3074	-6.91406	6.71273	-7.03833
11_195	6.20571	-6.60936	6.06914	-6.14626
11_196	6.06956	-6.20138	5.71473	-5.64078
11_197	6.35951	-7.07023	7.21019	-7.6641
11_198	5.87056	-5.60508	5.36133	-5.13715
11_199	5.92768	-5.77624	5.40761	-5.22149
11_200	6.27736	-6.82405	6.42593	-6.65607
11_201	6.44184	-7.31691	7.6178	-8.26652
11_202	6.26479	-6.78638	6.40652	-6.6207
11_203	6.44722	-7.33302	7.01238	-7.44401
11_204	6.47224	-7.40801	7.65575	-8.33568
11_205	6.10979	-6.32193	5.97811	-5.98036
11_206	6.05396	-6.15464	6.03895	-6.09125
11_207	6.53613	-7.59946	7.65775	-8.33934
11_208	6.42573	-7.26865	7.34348	-7.90701
11_209	6.30127	-6.89569	6.36196	-6.53949
11_210	6.37142	-7.1059	7.20588	-7.65625
11_211	6.45035	-7.34243	7.02394	-7.46508
11_212	6.57578	-7.71827	8.77834	-9.81989
11_213	6.56653	-7.69053	9.02876	-10.1359
11_214	6.51316	-7.53062	8.14536	-8.94714
11_215	6.46637	-7.39043	10.3112	-11.7709
11_216	6.47696	-7.42214	7.79953	-8.4573
11_217	6.20253	-6.59982	6.07126	-6.15012
11_218	6.46839	-7.39647	7.02195	-7.46146
11_219	6.46232	-7.37828	7.83195	-8.51639
11_220	6.37334	-7.11167	6.68723	-6.99187
11_221	6.14679	-6.43282	5.95683	-5.94158
11_222	6.09843	-6.28788	5.72232	-5.65462
11_223	6.54103	-7.61412	8.15155	-8.95842
11_224	6.28428	-6.84478	8.7467	-9.62182
11_225	6.36689	-7.09232	9.40304	-10.5371
11_226	6.24579	-6.72945	6.36976	-6.55372
11_227	6.54738	-7.63315	7.63214	-8.29266
11_228	6.62677	-7.87105	9.02901	-10.1363
11_229	6.44741	-7.3336	10.5261	-12.0221
11_230	6.67478	-8.01492	10.3413	-11.8257
11_231	6.60607	-7.80901	8.7075	-9.69078
11_232	6.2955	-6.8784	7.18484	-7.6179
11_233	5.80547	-5.41004	5.81746	-5.6876
11_234	6.47684	-7.4218	12.0652	-13.9846
11_235	6	-5.99295	13.8679	-16.1467
12_1	5.09405	-3.2783	3.92466	-3.06782
12_2	5.32493	-3.97012	4.30257	-3.62887
12_3	5.48058	-4.43653	4.60122	-4.0455
12_4	5.33701	-4.00631	4.31253	-3.64702
12_5	5.65505	-4.95932	5.03824	-4.71428
12_6	5.51499	-4.53963	4.62468	-4.08825
12_7	5.33509	-4.00057	4.30864	-3.63994
12_8	5.74029	-5.21474	5.30086	-5.06524
12_9	5.52224	-4.56136	4.63433	-4.10583
12_10	5.51847	-4.55006	4.6255	-4.08975
12_11	5.51488	-4.53929	4.61685	-4.07398
12_12	5.33286	-3.99389	4.30624	-3.63557
12_13	5.31723	-3.94704	4.2955	-3.616
12_14	5.32304	-3.96446	4.29868	-3.62178
12_15	5.67165	-5.00907	5.02568	-4.69139
12_16	5.82229	-5.46045	5.32761	-5.114
12_17	5.6788	-5.03047	4.93332	-4.52307
12_18	5.52354	-4.56525	4.6307	-4.09921
12_19	5.51406	-4.53684	4.62781	-4.09396
12_20	5.52205	-4.56079	4.62652	-4.09161
12_21	5.91976	-5.75251	5.96342	-6.01741
12_22	5.51293	-4.53347	4.62972	-4.09743
12_23	5.5305	-4.58611	4.62784	-4.09401
12_24	5.90765	-5.71622	5.82003	-5.75609
12_25	5.82785	-5.4771	5.32436	-5.10808
12_26	5.65342	-4.95443	4.90016	-4.46264
12_27	5.53167	-4.58963	4.63396	-4.10517
12_28	5.81713	-5.44498	5.32051	-5.10106
12_29	5.70776	-5.11726	4.94297	-4.54066
12_30	5.57707	-4.72565	4.86086	-4.39103
12_31	5.52092	-4.5574	4.6285	-4.0952
12_32	6.01729	-6.04477	6.22525	-6.36694
12_33	5.81789	-5.44726	5.30512	-5.073
12_34	5.53784	-4.6081	4.64127	-4.11849
12_35	5.51868	-4.5507	4.62161	-4.08265
12_36	5.51509	-4.53993	4.61296	-4.06688
12_37	5.33308	-3.99454	4.30235	-3.62847
12_38	5.67151	-5.00864	5.01649	-4.67465
12_39	5.91507	-5.73846	5.56508	-5.41911
12_40	5.7115	-5.12848	4.94864	-4.55099
12_41	5.75732	-5.26576	5.30266	-5.06851
12_42	5.84057	-5.51523	5.31828	-5.09698
12_43	5.81901	-5.45061	5.32302	-5.10562
12_44	5.68725	-5.05581	4.91841	-4.49591
12_45	5.53324	-4.59431	4.63232	-4.10218
12_46	5.83943	-5.51182	5.32272	-5.10509
12_47	5.69686	-5.0846	4.93306	-4.5226
12_48	5.67786	-5.02766	4.90979	-4.4802
12_49	5.8168	-5.444	5.29027	-5.04594
12_50	5.53899	-4.61156	4.6415	-4.11889
12_51	5.92086	-5.7558	5.57067	-5.42931
12_52	5.53172	-4.58976	4.62999	-4.09793
12_53	5.53256	-4.59227	4.63174	-4.10112
12_54	6.09878	-6.28894	6.2529	-6.41733
12_55	5.66369	-4.98522	4.99483	-4.63517
12_56	5.51295	-4.53352	4.61015	-4.06177
12_57	5.86026	-5.57421	5.53953	-5.37256
12_58	6.00778	-6.01626	5.85412	-5.81822
12_59	5.8224	-5.46078	5.31408	-5.08934
12_60	5.8554	-5.55967	5.52896	-5.3533
12_61	5.9995	-5.99145	5.96149	-6.01389
12_62	5.33304	-3.99442	4.30174	-3.62737
12_63	5.7054	-5.11017	4.94232	-4.53947
12_64	5.7054	-5.11017	4.94232	-4.53947
12_65	5.80735	-5.41569	5.19115	-4.8653
12_66	5.7018	-5.09941	4.93366	-4.5237
12_67	5.51979	-4.55401	4.62306	-4.08529
12_68	5.66492	-4.98888	5.01597	-4.6737
12_69	5.7122	-5.13057	4.94344	-4.54152
12_70	5.68095	-5.03692	4.9175	-4.49424
12_71	5.83968	-5.51256	5.31629	-5.09335
12_72	6.10253	-6.30019	6.69742	-6.97214
12_73	5.93345	-5.79353	5.57034	-5.4287
12_74	5.70455	-5.10766	4.94383	-4.54223
12_75	6.17347	-6.51274	7.08033	-7.54231
12_76	5.51523	-4.54034	4.61449	-4.06968
12_77	5.6926	-5.07184	4.91868	-4.49639
12_78	5.53168	-4.58963	4.6348	-4.1067
12_79	5.70085	-5.09655	4.92394	-4.50597
12_80	5.9541	-5.8554	5.58336	-5.45243
12_81	5.85347	-5.55389	5.31833	-5.09708
12_82	5.53956	-4.61327	4.64167	-4.11921
12_83	6.05007	-6.14298	6.22896	-6.3737
12_84	5.53243	-4.5919	4.62514	-4.08909
12_85	5.82187	-5.4592	5.31327	-5.08786
12_86	5.93998	-5.81309	5.5671	-5.4228
12_87	5.84776	-5.53677	5.30335	-5.06977
12_88	5.70679	-5.11437	4.94325	-4.54118
12_89	5.8486	-5.53928	5.32355	-5.10659
12_90	5.82601	-5.47161	5.19606	-4.87425
12_91	5.52331	-4.56455	4.63344	-4.10422
12_92	5.76112	-5.27716	5.29838	-5.06072
12_93	5.84824	-5.53821	5.32249	-5.10466
12_94	5.94524	-5.82885	5.5672	-5.42299
12_95	5.47736	-4.42687	4.57192	-3.99209
12_96	6.12031	-6.35346	6.24625	-6.40521
12_97	5.81731	-5.44553	5.20609	-4.89254
12_98	5.95408	-5.85534	5.56802	-5.42448
12_99	5.72173	-5.15912	4.94559	-4.54543
12_100	6.09899	-6.28958	6.2217	-6.36047
12_101	5.72037	-5.15506	4.94423	-4.54296
12_102	5.70473	-5.10818	4.93206	-4.52078
12_103	6.0003	-5.99385	6.05676	-6.05987
12_104	6.06075	-6.17498	6.23173	-6.37875
12_105	6.21051	-6.62375	7.3176	-7.84708
12_106	5.71001	-5.12399	4.94147	-4.53793
12_107	5.82788	-5.47719	5.28663	-5.0393
12_108	5.82508	-5.46882	5.3152	-5.09138
12_109	5.7166	-5.14376	4.94528	-4.54487
12_110	5.531	-4.58759	4.62602	-4.09069
12_111	6.09983	-6.29207	6.45183	-6.65222
12_112	5.32225	-3.96209	4.29175	-3.60915
12_113	5.96331	-5.883	5.5829	-5.45159
12_114	5.8448	-5.52789	5.29787	-5.05979
12_115	5.67209	-5.01039	4.91279	-4.48566
12_116	5.95883	-5.86959	5.83556	-5.78441
12_117	5.81357	-5.43431	5.185	-4.8541
12_118	5.86722	-5.59509	5.53009	-5.35536
12_119	5.96786	-5.89666	5.57997	-5.44625
12_120	5.71429	-5.13681	4.93986	-4.535
12_121	5.97405	-5.9152	5.58074	-5.44766
12_122	5.95497	-5.85802	5.57325	-5.43401
12_123	6.0046	-6.00673	6.02579	-6.00343
12_124	5.52855	-4.58027	4.62437	-4.08768
12_125	5.53587	-4.60219	4.63197	-4.10153
12_126	5.84349	-5.52398	5.30966	-5.08127
12_127	6.00776	-6.01619	5.82482	-5.76483
12_128	5.81879	-5.44995	5.27613	-5.02017
12_129	5.87368	-5.61444	5.22453	-4.92614
12_130	6.09903	-6.28968	6.23173	-6.37874
12_131	5.5322	-4.59121	4.63024	-4.09838
12_132	5.84493	-5.52829	5.31985	-5.09985
12_133	5.92981	-5.78264	5.56218	-5.41382
12_134	6.04721	-6.13442	5.89187	-5.88702
12_135	5.82673	-5.47376	5.30239	-5.06803
12_136	5.6747	-5.01819	4.99768	-4.64037
12_137	5.96305	-5.88224	5.57536	-5.43785
12_138	5.87416	-5.61587	5.22834	-4.93309
12_139	5.69215	-5.07048	4.91774	-4.49468
12_140	6.10244	-6.29991	6.43646	-6.6242
12_141	6.11866	-6.34851	6.2245	-6.36556
12_142	5.99344	-5.97329	5.95074	-5.9943
12_143	6.12221	-6.35914	6.44224	-6.63474
12_144	6.01718	-6.04444	6.0643	-6.07362
12_145	5.96363	-5.88397	5.58225	-5.4504
12_146	5.7153	-5.13985	4.94055	-4.53626
12_147	5.7117	-5.12908	4.9319	-4.52048
12_148	5.52969	-4.58368	4.62129	-4.08207
12_149	6.1551	-6.45772	6.69394	-6.9658
12_150	5.72161	-5.15876	4.94758	-4.54906
12_151	5.71373	-5.13516	4.93638	-4.52866
12_152	5.84565	-5.53045	5.28534	-5.03695
12_153	6.05571	-6.15987	5.81789	-5.7522
12_154	5.95823	-5.86779	5.57519	-5.43754
12_155	5.52908	-4.58186	4.63302	-4.10345
12_156	5.84058	-5.51524	5.29387	-5.05251
12_157	5.71736	-5.14601	4.94024	-4.53568
12_158	5.82802	-5.47763	5.32096	-5.10188
12_159	5.98415	-5.94545	5.86582	-5.83955
12_160	6.25441	-6.75528	7.3248	-7.86019
12_161	5.70977	-5.12329	4.93333	-4.52309
12_162	5.97832	-5.92799	5.57774	-5.4422
12_163	6.01914	-6.05032	5.83448	-5.78244
12_164	5.88205	-5.63952	5.23257	-4.94079
12_165	6.10463	-6.30646	6.19395	-6.3099
12_166	5.60924	-4.82206	4.92654	-4.51071
12_167	5.69724	-5.08573	4.9225	-4.50335
12_168	5.9584	-5.86829	5.55873	-5.40754
12_169	5.96615	-5.89151	5.56699	-5.42259
12_170	5.689	-5.06106	4.93605	-4.52805
12_171	6.00184	-5.99847	5.58373	-5.4531
12_172	6.05433	-6.15575	5.80677	-5.73193
12_173	5.5398	-4.61397	4.62787	-4.09405
12_174	5.7173	-5.14584	4.93891	-4.53327
12_175	5.84178	-5.51884	5.29674	-5.05774
12_176	5.93911	-5.8105	5.57236	-5.43238
12_177	6.00243	-6.00025	5.91583	-5.93069
12_178	6.00173	-5.99813	5.58636	-5.4579
12_179	6.02914	-6.08027	7.27945	-7.64992
12_180	6.16628	-6.4912	6.69786	-6.97295
12_181	5.85302	-5.55254	5.30572	-5.0741
12_182	5.9919	-5.96867	5.58972	-5.46402
12_183	6.02744	-6.07518	6.07363	-6.09063
12_184	5.84835	-5.53852	5.31505	-5.0911
12_185	5.95848	-5.86854	5.55519	-5.4011
12_186	5.52705	-4.57576	4.61982	-4.07939
12_187	5.88595	-5.65122	5.23497	-4.94516
12_188	5.80493	-5.40842	5.2009	-4.88308
12_189	6.27003	-6.8021	7.07729	-7.53679
12_190	5.85413	-5.55584	5.21145	-4.9023
12_191	6.06153	-6.17733	5.81712	-5.7508
12_192	6.06874	-6.19893	6.22047	-6.35822
12_193	5.91511	-5.73857	5.91146	-5.92273
12_194	5.64638	-4.93332	4.97497	-4.59898
12_195	5.32427	-3.96813	4.29077	-3.60737
12_196	5.51172	-4.52982	4.61262	-4.06628
12_197	5.85213	-5.54986	5.31524	-5.09145
12_198	5.98927	-5.96081	5.57995	-5.44622
12_199	5.72239	-5.16109	4.94577	-4.54577
12_200	6.16219	-6.47895	6.24761	-6.40768
12_201	6.23521	-6.69775	6.49252	-6.72636
12_202	6.12954	-6.38111	7.70703	-8.3015
12_203	5.83859	-5.50928	5.27808	-5.02372
12_204	6.2381	-6.70641	6.48771	-6.7176
12_205	5.88542	-5.6496	5.54359	-5.37996
12_206	6.03763	-6.10569	6.05592	-6.05835
12_207	6.15515	-6.45785	6.11086	-6.15848
12_208	5.96977	-5.90238	5.57083	-5.42959
12_209	6.07173	-6.2079	5.81966	-5.75542
12_210	6.33945	-7.01011	8.35822	-9.23295
12_211	5.72226	-5.16072	4.94245	-4.53972
12_212	5.96796	-5.89694	5.57594	-5.43891
12_213	5.96796	-5.89694	5.57594	-5.43891
12_214	5.84839	-5.53866	5.3092	-5.08044
12_215	5.7017	-5.09911	4.9204	-4.49953
12_216	5.71045	-5.12532	4.93151	-4.51978
12_217	6.30076	-6.89416	7.33441	-7.87772
12_218	6.16095	-6.47524	6.1168	-6.1693
12_219	5.85758	-5.56619	5.21642	-4.91136
12_220	6.1403	-6.41334	6.21324	-6.34505
12_221	6.07927	-6.23049	5.88496	-5.87443
12_222	6.00781	-6.01635	5.58685	-5.45878
12_223	5.70926	-5.12176	4.93117	-4.51916
12_224	5.72256	-5.16162	4.94766	-4.54921
12_225	5.97793	-5.92683	5.57389	-5.43517
12_226	6.12311	-6.36184	6.43391	-6.61955
12_227	5.53561	-4.60141	4.63586	-4.10862
12_228	5.79814	-5.38808	5.24489	-4.96324
12_229	6.00717	-6.01443	5.57891	-5.44432
12_230	5.86969	-5.60249	5.22348	-4.92423
12_231	5.52478	-4.56896	4.61306	-4.06707
12_232	5.84825	-5.53823	5.29538	-5.05525
12_233	5.99783	-5.98644	5.49297	-5.2877
12_234	5.99796	-5.98683	5.58701	-5.45909
12_235	6.01249	-6.03037	5.58436	-5.45425
12_236	5.53515	-4.60003	4.64101	-4.11801
12_237	6.217	-6.64318	6.90389	-7.22077
12_238	5.68835	-5.0591	4.93535	-4.52678
12_239	6.11714	-6.34396	6.19722	-6.31585
12_240	5.8513	-5.54737	5.31594	-5.09272
12_241	6.07337	-6.21279	6.21751	-6.35283
12_242	6.27915	-6.8294	7.30655	-7.82694
12_243	6.07504	-6.21779	5.81673	-5.75008
12_244	5.71968	-5.15298	4.94752	-4.54895
12_245	6.0803	-6.23357	6.23124	-6.37785
12_246	5.9914	-5.96717	5.58663	-5.45838
12_247	6.22408	-6.6644	6.91432	-7.23978
12_248	6.25687	-6.76265	6.49131	-6.72416
12_249	5.98884	-5.95951	5.57569	-5.43845
12_250	6.21272	-6.63037	6.71471	-7.00365
12_251	6.17244	-6.50966	6.1315	-6.19608
12_252	5.84902	-5.54053	5.2914	-5.04801
12_253	6.27718	-6.82352	7.30695	-7.82767
12_254	6.07978	-6.232	5.89138	-5.88613
12_255	5.85544	-5.55978	5.30728	-5.07694
12_256	6.11837	-6.34766	5.84146	-5.79515
12_257	5.79666	-5.38364	5.24228	-4.95848
12_258	5.97839	-5.92819	5.57353	-5.43451
12_259	5.72093	-5.15673	4.93249	-4.52155
12_260	6.18155	-6.53697	6.12796	-6.18964
12_261	5.88733	-5.65534	5.22656	-4.92985
12_262	6.16013	-6.47277	6.24514	-6.40319
12_263	6.0246	-6.06665	5.593	-5.47
12_264	6.24699	-6.73305	6.48452	-6.71179
12_265	6.16553	-6.48895	6.1231	-6.18077
12_266	5.8617	-5.57854	5.22127	-4.9202
12_267	5.8617	-5.57854	5.22127	-4.9202
12_268	6.0771	-6.22397	5.81458	-5.74617
12_269	6.01974	-6.05211	5.58742	-5.45983
12_270	6.23597	-6.70003	8.53538	-9.42817
12_271	5.81468	-5.43766	5.31142	-5.08448
12_272	6.33459	-6.99553	7.54882	-8.14082
12_273	5.72816	-5.17838	4.94065	-4.53643
12_274	6.118	-6.34654	6.22333	-6.36343
12_275	5.53283	-4.59307	4.62306	-4.0853
12_276	6.21526	-6.63796	6.72469	-7.02183
12_277	6.01671	-6.04303	5.57828	-5.44318
12_278	6.13914	-6.40988	6.2088	-6.33696
12_279	6.26407	-6.78422	6.48513	-6.71289
12_280	6.16898	-6.4993	6.46457	-6.67543
12_281	5.71965	-5.1529	4.93813	-4.53184
12_282	5.52252	-4.56219	4.61385	-4.06852
12_283	6.0666	-6.19251	5.83963	-5.79183
12_284	6.01823	-6.04757	5.58711	-5.45927
12_285	6.12019	-6.35308	5.83594	-5.7851
12_286	5.83262	-5.4914	5.26785	-5.00509
12_287	5.89502	-5.67837	5.55129	-5.39399
12_288	6.12613	-6.37091	6.19618	-6.31396
12_289	6.12748	-6.37494	6.40889	-6.57396
12_290	5.96905	-5.90021	5.56083	-5.41137
12_291	5.99557	-5.97966	5.57809	-5.44283
12_292	5.66045	-4.9755	4.91027	-4.48108
12_293	5.74158	-5.2186	5.15402	-4.79764
12_294	5.67594	-5.02191	4.89679	-4.4565
12_295	5.72537	-5.17003	4.94444	-4.54334
12_296	5.82444	-5.46688	5.30193	-5.06719
12_297	6.07256	-6.21038	6.07995	-6.10214
12_298	6.25184	-6.74759	6.91421	-7.23958
12_299	6.1993	-6.59016	6.32533	-6.42167
12_300	5.658	-4.96815	4.97787	-4.60426
12_301	6.26513	-6.78741	6.48318	-6.70934
12_302	6.16945	-6.5007	6.56284	-6.72689
12_303	5.89931	-5.69123	5.23519	-4.94556
12_304	5.99304	-5.97209	5.58029	-5.44683
12_305	6.07815	-6.22713	5.88669	-5.87759
12_306	5.71567	-5.14097	4.93465	-4.5255
12_307	6.33365	-6.99272	7.53006	-8.10663
12_308	5.78986	-5.36326	5.23239	-4.94046
12_309	5.94326	-5.82294	5.57023	-5.42851
12_310	5.51979	-4.55401	4.60922	-4.06008
12_311	6.31771	-6.94495	7.32819	-7.86637
12_312	6.00675	-6.01317	5.58762	-5.4602
12_313	6.22569	-6.66923	6.7205	-7.01421
12_314	6.17752	-6.5249	6.12902	-6.19157
12_315	6.30311	-6.90122	6.72363	-7.0199
12_316	5.82587	-5.47117	5.26546	-5.00072
12_317	6.18744	-6.55462	6.13978	-6.21117
12_318	5.84606	-5.53167	5.28656	-5.03918
12_319	6.13292	-6.39123	5.84261	-5.79726
12_320	6.08355	-6.2433	5.89509	-5.89289
12_321	5.84539	-5.52967	5.27676	-5.02133
12_322	5.99442	-5.97623	5.57942	-5.44525
12_323	6.19315	-6.57172	6.13664	-6.20545
12_324	5.98289	-5.94168	5.77716	-5.67797
12_325	5.64796	-4.93806	4.95308	-4.55909
12_326	6.22209	-6.65843	6.72097	-7.01507
12_327	6.15518	-6.45795	6.19846	-6.31811
12_328	6.08158	-6.2374	5.87856	-5.86277
12_329	6.29641	-6.88113	6.70374	-6.98365
12_330	6.00663	-6.01282	5.5659	-5.42062
12_331	6.14652	-6.432	6.20328	-6.3269
12_332	6.00887	-6.01952	5.91978	-5.93789
12_333	6.2239	-6.66387	7.05227	-7.49117
12_334	6.29631	-6.88084	6.72344	-7.01956
12_335	5.86984	-5.60294	5.2131	-4.90531
12_336	5.89701	-5.68435	5.23537	-4.9459
12_337	6.13039	-6.38365	5.84026	-5.79297
12_338	5.94837	-5.83825	5.52966	-5.35457
12_339	6.40595	-7.20937	7.34171	-7.89102
12_340	6.38853	-7.15716	7.78042	-8.43525
12_341	5.97893	-5.92983	5.54481	-5.38218
12_342	6.17942	-6.53059	6.12891	-6.19136
12_343	5.8309	-5.48624	5.2524	-4.97693
12_344	6.16856	-6.49803	6.451	-6.6507
12_345	6.25613	-6.76045	6.91198	-7.23551
12_346	6.10841	-6.31781	5.83233	-5.77852
12_347	5.7183	-5.14885	4.9477	-4.54928
12_348	6.20401	-6.60428	6.11958	-6.17436
12_349	5.71132	-5.12794	4.93419	-4.52466
12_350	6.32063	-6.95372	7.39024	-7.85183
12_351	6.13157	-6.3872	6.17419	-6.27387
12_352	5.71721	-5.14556	4.93167	-4.52007
12_353	6.01731	-6.04483	5.56588	-5.42058
12_354	6.27596	-6.81987	6.93106	-7.27029
12_355	5.85524	-5.55918	5.21235	-4.90394
12_356	6.01564	-6.03983	5.58056	-5.44732
12_357	6.25502	-6.7571	6.46529	-6.67675
12_358	6.00088	-5.9956	5.57241	-5.43247
12_359	6.46004	-7.37144	8.60462	-9.55435
12_360	6.27626	-6.82075	6.48305	-6.70911
12_361	6.28777	-6.85525	7.27068	-7.76157
12_362	6.05897	-6.16965	5.84163	-5.79546
12_363	6.25193	-6.74785	6.44519	-6.64011
12_364	6.2303	-6.68304	6.34625	-6.45981
12_365	6.29565	-6.87885	6.47917	-6.70205
12_366	5.992	-5.96899	5.56054	-5.41085
12_367	5.94921	-5.84077	5.83447	-5.78242
12_368	5.71228	-5.1308	4.9237	-4.50554
12_369	5.86423	-5.58612	5.22218	-4.92185
12_370	6.02283	-6.06136	5.57517	-5.43752
12_371	6.19309	-6.57154	6.12916	-6.19183
12_372	5.79703	-5.38475	5.22481	-4.92666
12_373	5.89558	-5.68004	5.55194	-5.39517
12_374	6.11247	-6.32997	5.83653	-5.78617
12_375	5.83053	-5.48514	5.29744	-5.05901
12_376	6.27365	-6.81293	7.02078	-7.4338
12_377	6.23636	-6.70121	6.35347	-6.47297
12_378	6.32454	-6.96542	6.73529	-7.04115
12_379	6.01929	-6.05075	5.57817	-5.44297
12_380	6.20093	-6.59505	8.30761	-9.01308
12_381	6.26855	-6.79765	6.47664	-6.69743
12_382	6.17633	-6.52132	6.18924	-6.30131
12_383	5.97927	-5.93085	5.77094	-5.66663
12_384	5.97981	-5.93246	5.56796	-5.42437
12_385	6.41933	-7.24945	8.34131	-9.20213
12_386	6.3708	-7.10405	6.95806	-7.31949
12_387	5.51687	-4.54525	4.60596	-4.05413
12_388	6.4598	-7.37073	7.57783	-8.19368
12_389	6.1827	-6.54041	6.12968	-6.19276
12_390	5.85934	-5.57147	5.30321	-5.06953
12_391	6.22006	-6.65235	6.12848	-6.19058
12_392	5.84109	-5.51678	5.26708	-5.00368
12_393	6.41707	-7.2427	7.78811	-8.44927
12_394	6.26402	-6.78408	6.90339	-7.21986
12_395	6.17495	-6.5172	6.23482	-6.38438
12_396	6.01477	-6.0372	5.57411	-5.43557
12_397	6.23899	-6.70908	6.15158	-6.23268
12_398	6.13431	-6.3954	5.89803	-5.89825
12_399	6.32896	-6.97868	7.32077	-7.85286
12_400	6.42526	-7.26722	7.32918	-7.86818
12_401	5.98801	-5.95704	5.48183	-5.2674
12_402	6.35251	-7.04925	9.76554	-11.0318
12_403	5.88262	-5.64121	5.22604	-4.92889
12_404	5.71407	-5.13617	4.92799	-4.51336
12_405	6.01534	-6.03892	5.58596	-5.45718
12_406	5.84541	-5.52971	5.27148	-5.0117
12_407	6.07608	-6.22092	5.80366	-5.72627
12_408	6.17216	-6.50884	6.21388	-6.34621
12_409	6.22634	-6.67116	6.15235	-6.23407
12_410	6.38108	-7.13484	6.96004	-7.3231
12_411	6.11781	-6.34596	5.82698	-5.76876
12_412	6.30016	-6.89236	8.9529	-9.93378
12_413	6.17537	-6.51844	6.21593	-6.34995
12_414	6.36625	-7.09042	6.76275	-7.0912
12_415	6.48221	-7.43787	8.59334	-9.53379
12_416	5.84978	-5.54283	5.29612	-5.05661
12_417	6.14053	-6.41403	5.8374	-5.78776
12_418	6.01151	-6.02744	5.57678	-5.44044
12_419	6.30615	-6.91032	7.5893	-8.08695
12_420	6.24676	-6.73236	6.34792	-6.46284
12_421	6.28445	-6.84531	6.49005	-6.72187
12_422	6.39389	-7.17324	6.97678	-7.3536
12_423	6.32316	-6.9613	6.69078	-6.96004
12_424	6.28179	-6.83733	6.47208	-6.68912
12_425	6.28785	-6.85549	6.45309	-6.6545
12_426	5.9813	-5.93692	5.53918	-5.37191
12_427	5.71845	-5.1493	4.93483	-4.52583
12_428	5.87853	-5.62898	5.21134	-4.9021
12_429	5.99912	-5.99031	5.57847	-5.44352
12_430	6.37934	-7.12964	7.52298	-8.09372
12_431	6.12896	-6.37936	5.8918	-5.8869
12_432	6.21751	-6.6447	6.14196	-6.21514
12_433	6.3408	-7.01416	7.31976	-7.85101
12_434	6.37029	-7.10252	6.76484	-7.095
12_435	5.87804	-5.62749	5.21585	-4.91032
12_436	5.96709	-5.89434	5.51335	-5.32484
12_437	6.34015	-7.01221	6.65155	-6.88855
12_438	6.43291	-7.29015	7.79316	-8.45846
12_439	6.38396	-7.14347	7.96921	-8.65165
12_440	6.16179	-6.47776	6.18381	-6.29142
12_441	6.02048	-6.05432	5.57078	-5.42951
12_442	6.28931	-6.85985	6.44952	-6.648
12_443	6.43688	-7.30206	7.33374	-7.87649
12_444	6.2513	-6.74596	6.15002	-6.22983
12_445	5.84793	-5.53729	5.27773	-5.02308
12_446	5.99576	-5.98024	5.58668	-5.45849
12_447	6.0204	-6.05407	5.56211	-5.4137
12_448	6.07479	-6.21707	6.20463	-6.32935
12_449	6.01397	-6.0348	5.56255	-5.41451
12_450	5.8328	-5.49195	5.25101	-4.97439
12_451	6.52274	-7.55933	8.60865	-9.56169
12_452	6.18986	-6.56186	6.19938	-6.31979
12_453	6.43331	-7.29135	7.33121	-7.87189
12_454	6.29358	-6.87267	6.46285	-6.67229
12_455	6.48455	-7.4449	7.56293	-8.16653
12_456	6.17763	-6.5252	6.45465	-6.65736
12_457	6.30075	-6.89414	6.48329	-6.70954
12_458	6.10416	-6.30507	5.82541	-5.7659
12_459	6.12015	-6.35297	5.83192	-5.77777
12_460	6.35215	-7.04816	6.76196	-7.08975
12_461	6.40247	-7.19894	7.48514	-8.02477
12_462	6.24357	-6.72279	6.1522	-6.23381
12_463	6.40291	-7.20025	6.96903	-7.33949
12_464	6.30917	-6.91938	6.93682	-7.28077
12_465	6.31574	-6.93906	7.3545	-7.78668
12_466	6.41874	-7.2477	6.97823	-7.35624
12_467	6.39242	-7.16881	9.98338	-11.3012
12_468	5.7369	-5.20459	5.17605	-4.83779
12_469	6.24796	-6.73595	6.14667	-6.22373
12_470	6.48619	-7.44981	8.80166	-9.7858
12_471	6.06152	-6.17731	5.82197	-5.75964
12_472	6.42394	-7.26328	6.97779	-7.35546
12_473	6.15077	-6.44474	6.15662	-6.24186
12_474	6.43666	-7.30138	8.32649	-9.17512
12_475	6.30193	-6.89768	7.02833	-7.44756
12_476	5.94437	-5.82626	5.8585	-5.8262
12_477	6.13332	-6.39243	6.16079	-6.24946
12_478	6.08687	-6.25325	5.88791	-5.8798
12_479	5.98595	-5.95084	5.85897	-5.82706
12_480	5.60839	-4.81951	4.91634	-4.49213
12_481	5.82459	-5.46734	5.24523	-4.96386
12_482	6.12393	-6.36432	5.80652	-5.73148
12_483	6.41459	-7.23525	7.55328	-8.14894
12_484	6.09434	-6.27564	6.10592	-6.14947
12_485	6.18976	-6.56155	6.13292	-6.19868
12_486	6.42848	-7.27687	7.9788	-8.66914
12_487	6.12221	-6.35914	5.89402	-5.89093
12_488	6.37346	-7.11201	6.76054	-7.08716
12_489	6.45396	-7.35324	7.79233	-8.45695
12_490	6.01243	-6.0302	5.54716	-5.38646
12_491	6.07736	-6.22475	5.83013	-5.7745
12_492	6.24553	-6.72868	6.66971	-6.92165
12_493	6.44494	-7.32619	7.32007	-7.85158
12_494	6.30709	-6.91314	6.44785	-6.64496
12_495	6.38002	-7.13168	6.73349	-7.03788
12_496	6.48991	-7.46097	7.54172	-8.12788
12_497	6.32662	-6.97166	7.34822	-7.77523
12_498	6.15367	-6.45341	6.30507	-6.38475
12_499	6.33183	-6.98727	6.64503	-6.87666
12_500	6.37381	-7.11306	6.72246	-7.01777
12_501	6.40569	-7.20859	6.97569	-7.35161
12_502	5.98582	-5.95046	5.53231	-5.35939
12_503	6.11478	-6.33688	6.11418	-6.16452
12_504	6.24865	-6.73802	6.41178	-6.57924
12_505	6.39665	-7.18152	7.66381	-8.22272
12_506	6.51254	-7.52877	7.50148	-8.05455
12_507	6.54525	-7.62678	8.60674	-9.55821
12_508	6.55798	-7.66492	7.81364	-8.49579
12_509	6.17585	-6.51989	6.16408	-6.25545
12_510	6.45387	-7.35296	7.29432	-7.80466
12_511	6.4422	-7.31801	7.30318	-7.82081
12_512	6.52295	-7.55997	8.57273	-9.49623
12_513	6.54554	-7.62766	7.82051	-8.50831
12_514	6.62801	-7.87478	8.61644	-9.57588
12_515	5.86972	-5.60257	5.74376	-5.61711
12_516	6.36267	-7.07968	6.73348	-7.03786
12_517	6.28923	-6.85961	6.96793	-7.33748
12_518	6.24461	-6.72593	6.34824	-6.46343
12_519	6.55433	-7.65399	9.03711	-10.0872
12_520	6.55644	-7.66032	8.33926	-9.19839
12_521	6.24123	-6.71578	6.14817	-6.22646
12_522	6.50421	-7.50381	8.45924	-9.28941
12_523	6.52454	-7.56472	7.51142	-8.07266
12_524	6.42895	-7.27828	6.97345	-7.34754
12_525	6.58894	-7.75769	10.0419	-11.4078
12_526	6.44899	-7.33833	7.9691	-8.65145
12_527	6.62212	-7.85712	9.82123	-11.1333
12_528	6.46795	-7.39515	11.3971	-13.1116
12_529	6.51595	-7.53897	8.46385	-9.2978
12_530	6.3817	-7.13671	6.72423	-7.021
12_531	6.57971	-7.73002	7.8169	-8.50172
12_532	6.26363	-6.7829	9.23126	-10.1858
12_533	6.30856	-6.91754	9.5554	-10.6489
12_534	6.589	-7.75789	9.04314	-10.0982
12_535	6.5265	-7.57058	8.75822	-9.70663
12_536	6.50606	-7.50936	7.52365	-8.09494
12_537	6.29357	-6.87263	6.61246	-6.81731
12_538	6.30115	-6.89533	6.42436	-6.60215
12_539	6.09587	-6.28023	5.7751	-5.67421
12_540	6.38323	-7.14129	10.3735	-11.7569
12_541	6.0709	-6.20539	6.06244	-6.07024
12_542	6.43874	-7.30761	7.25366	-7.73055
12_543	6.64817	-7.93519	8.59292	-9.53303
12_544	6.65602	-7.95871	10.045	-11.4134
12_545	6.44445	-7.32473	11.5919	-13.339
12_546	6.68254	-8.03816	11.4346	-13.18
12_547	6.68504	-8.04565	9.77147	-11.0426
12_548	6.47743	-7.42356	8.20991	-8.96266
12_549	6.08798	-6.25658	6.77192	-6.98026
12_550	6.45659	-7.36112	13.1876	-15.3535
12_551	6	-5.99295	15.0236	-17.5507
13_1	5.07522	-3.22187	3.91016	-3.03074
13_2	5.28218	-3.84203	4.25372	-3.53985
13_3	5.43506	-4.30011	4.53334	-3.93243
13_4	5.29778	-3.88876	4.26534	-3.56103
13_5	5.59581	-4.78181	4.93371	-4.54506
13_6	5.47141	-4.40903	4.55761	-3.97665
13_7	5.29438	-3.87859	4.26108	-3.55327
13_8	5.70929	-5.12184	5.19223	-4.89919
13_9	5.47574	-4.42203	4.56311	-3.98668
13_10	5.4667	-4.39492	4.54964	-3.96212
13_11	5.46447	-4.38826	4.55499	-3.97187
13_12	5.28882	-3.86191	4.25791	-3.54748
13_13	5.29291	-3.87416	4.26015	-3.55157
13_14	5.74366	-5.22484	5.20323	-4.91922
13_15	5.60643	-4.81363	4.83548	-4.36605
13_16	5.61799	-4.84828	4.92677	-4.53241
13_17	5.29622	-3.88409	4.26021	-3.55168
13_18	5.46447	-4.38824	4.55504	-3.97198
13_19	5.45877	-4.37117	4.55107	-3.96474
13_20	5.47464	-4.41871	4.56066	-3.98221
13_21	5.47755	-4.42743	4.5575	-3.97646
13_22	5.87401	-5.61543	5.79946	-5.7718
13_23	5.82774	-5.47678	5.66885	-5.53377
13_24	5.46295	-4.38369	4.55876	-3.97874
13_25	5.74883	-5.24034	5.19975	-4.91289
13_26	5.46879	-4.4012	4.55971	-3.98047
13_27	5.59806	-4.78853	4.81276	-4.32465
13_28	5.48119	-4.43833	4.56277	-3.98606
13_29	5.74933	-5.24182	5.20123	-4.91559
13_30	5.64314	-4.92362	4.84816	-4.38915
13_31	5.9226	-5.76102	6.02861	-6.0724
13_32	5.47761	-4.42762	4.55852	-3.97832
13_33	5.45596	-4.36276	4.53785	-3.94065
13_34	5.7346	-5.19768	5.1747	-4.86723
13_35	5.46185	-4.38039	4.54382	-3.95152
13_36	5.57212	-4.71083	4.79553	-4.29324
13_37	5.29685	-3.88597	4.25985	-3.55102
13_38	5.84807	-5.5377	5.43027	-5.21599
13_39	5.48253	-4.44236	4.568	-3.9956
13_40	5.64545	-4.93056	4.85028	-4.39302
13_41	5.48127	-4.43858	4.56463	-3.98945
13_42	5.60485	-4.8089	4.91419	-4.50949
13_43	5.76879	-5.30015	5.19566	-4.90544
13_44	5.73434	-5.19692	5.19656	-4.90707
13_45	5.63451	-4.89777	4.83183	-4.3594
13_46	5.47752	-4.42736	4.55914	-3.97945
13_47	5.7508	-5.24624	5.19186	-4.89851
13_48	5.64017	-4.91473	4.84037	-4.37496
13_49	5.7531	-5.25311	5.20181	-4.91664
13_50	5.8494	-5.54169	5.42896	-5.21361
13_51	5.73102	-5.18695	5.15977	-4.84004
13_52	6.01979	-6.05224	6.0612	-6.13179
13_53	5.73054	-5.18551	5.19663	-4.90721
13_54	5.47641	-4.42404	4.56253	-3.98562
13_55	5.47641	-4.42404	4.56253	-3.98562
13_56	5.63241	-4.89148	4.83049	-4.35695
13_57	5.93525	-5.79894	5.7009	-5.59218
13_58	5.47028	-4.40566	4.54938	-3.96165
13_59	5.5899	-4.7641	4.80174	-4.30455
13_60	5.47907	-4.432	4.55849	-3.97826
13_61	5.59278	-4.77271	4.88856	-4.46278
13_62	5.83658	-5.50327	5.42315	-5.20302
13_63	5.7548	-5.25821	5.19599	-4.90604
13_64	5.75969	-5.27287	5.08475	-4.7033
13_65	5.47914	-4.43221	4.56486	-3.98987
13_66	5.63109	-4.88753	4.8438	-4.3812
13_67	5.64033	-4.91522	4.84406	-4.38169
13_68	5.90379	-5.70465	5.78035	-5.73698
13_69	6.05387	-6.15437	6.49436	-6.68718
13_70	5.7822	-5.34033	5.20248	-4.91786
13_71	5.82804	-5.47769	5.40925	-5.17767
13_72	5.6145	-4.8378	4.83282	-4.36119
13_73	5.61999	-4.85426	4.82723	-4.35101
13_74	5.64608	-4.93244	4.8454	-4.38412
13_75	5.75143	-5.24811	5.38648	-5.13618
13_76	5.85733	-5.56544	5.42556	-5.2074
13_77	5.64436	-4.92728	4.8381	-4.37081
13_78	5.29563	-3.88232	4.2575	-3.54673
13_79	5.47054	-4.40644	4.55675	-3.97509
13_80	6.0729	-6.21139	6.81619	-7.15668
13_81	5.59942	-4.79261	4.9111	-4.50386
13_82	5.90117	-5.69681	5.45223	-5.25601
13_83	5.64626	-4.93299	4.84911	-4.39088
13_84	5.64626	-4.93299	4.84911	-4.39088
13_85	5.47373	-4.41601	4.55319	-3.96861
13_86	5.47912	-4.43216	4.55709	-3.9757
13_87	6.01452	-6.03645	6.05463	-6.11982
13_88	5.77183	-5.30925	5.18909	-4.89345
13_89	5.47779	-4.42815	4.55221	-3.96681
13_90	5.63189	-4.88993	4.82441	-4.34586
13_91	5.89118	-5.66686	5.44217	-5.23768
13_92	5.62162	-4.85916	4.82718	-4.35092
13_93	5.48157	-4.43948	4.55931	-3.97975
13_94	5.43655	-4.3046	4.51826	-3.90494
13_95	5.89963	-5.69219	5.44413	-5.24125
13_96	5.74581	-5.23127	5.08199	-4.69828
13_97	5.77969	-5.3328	5.19888	-4.9113
13_98	5.48336	-4.44484	4.56267	-3.98589
13_99	5.47831	-4.42971	4.56467	-3.98953
13_100	6.02888	-6.07948	6.04695	-6.10582
13_101	5.771	-5.30675	5.1775	-4.87233
13_102	5.7484	-5.23903	5.18802	-4.89151
13_103	5.75574	-5.26104	5.19133	-4.89755
13_104	5.59576	-4.78165	4.90402	-4.49096
13_105	5.28665	-3.85542	4.24854	-3.53041
13_106	5.62235	-4.86132	4.82778	-4.35202
13_107	5.77313	-5.31314	5.10423	-4.73881
13_108	5.65602	-4.96222	4.84931	-4.39125
13_109	5.65602	-4.96222	4.84931	-4.39125
13_110	5.99569	-5.98004	5.91705	-5.8691
13_111	5.48398	-4.4467	4.56728	-3.99428
13_112	5.76733	-5.29577	5.18078	-4.87833
13_113	5.86508	-5.58865	5.42485	-5.20611
13_114	5.74067	-5.21586	5.19388	-4.90219
13_115	6.08543	-6.24893	6.27363	-6.40192
13_116	5.86193	-5.57922	5.42715	-5.2103
13_117	5.63317	-4.89376	4.82619	-4.34911
13_118	6.1471	-6.43372	7.05064	-7.46694
13_119	5.75878	-5.27013	5.19436	-4.90307
13_120	5.78365	-5.34467	5.20378	-4.92024
13_121	6.01498	-6.03782	6.02607	-6.06777
13_122	5.74012	-5.21423	5.07804	-4.69109
13_123	5.64302	-4.92326	4.84621	-4.3856
13_124	5.90632	-5.71224	5.44773	-5.2478
13_125	5.65374	-4.9554	4.85094	-4.39421
13_126	5.9419	-5.81885	6.03111	-6.07695
13_127	5.61832	-4.84924	4.8392	-4.37283
13_128	5.9309	-5.7859	5.69341	-5.57853
13_129	5.4782	-4.4294	4.55327	-3.96874
13_130	5.28641	-3.85471	4.24643	-3.52657
13_131	5.65581	-4.96158	4.85095	-4.39423
13_132	5.96675	-5.89333	5.69151	-5.57506
13_133	5.88157	-5.63808	5.44099	-5.23553
13_134	6.04369	-6.12388	6.05982	-6.12928
13_135	5.61371	-4.83543	4.81475	-4.32826
13_136	5.64175	-4.91946	4.83973	-4.3738
13_137	5.88079	-5.63573	5.43814	-5.23033
13_138	5.75614	-5.26224	5.1697	-4.85813
13_139	6.01538	-6.03903	6.05455	-6.11968
13_140	5.76462	-5.28764	5.16729	-4.85373
13_141	5.47878	-4.43112	4.56325	-3.98693
13_142	5.73434	-5.19692	5.19042	-4.89588
13_143	5.62017	-4.85479	4.82822	-4.35281
13_144	5.4757	-4.42191	4.55103	-3.96466
13_145	5.87426	-5.61617	5.43049	-5.21638
13_146	5.71384	-5.13547	5.03867	-4.61933
13_147	5.9077	-5.71637	5.44775	-5.24784
13_148	5.77751	-5.32628	5.09366	-4.71954
13_149	5.91777	-5.74656	5.86497	-5.77418
13_150	5.84235	-5.52056	5.41439	-5.18704
13_151	5.46904	-4.40193	4.54985	-3.96251
13_152	5.65274	-4.9524	4.846	-4.38521
13_153	5.7591	-5.2711	5.17925	-4.87552
13_154	5.75333	-5.2538	5.1818	-4.88018
13_155	6.06194	-6.17855	6.05108	-6.11335
13_156	6.01084	-6.02542	5.91847	-5.87168
13_157	5.87005	-5.60356	5.42369	-5.20399
13_158	6.15681	-6.46284	6.5189	-6.73191
13_159	5.96544	-5.8894	5.72332	-5.63304
13_160	5.74007	-5.21407	5.07673	-4.68869
13_161	5.64779	-4.93756	4.84569	-4.38465
13_162	6.08134	-6.23668	6.25307	-6.36445
13_163	6.02326	-6.06265	6.24512	-6.34997
13_164	5.78381	-5.34514	5.10538	-4.74091
13_165	5.62842	-4.87952	4.82286	-4.34304
13_166	5.61905	-4.85145	4.81922	-4.3364
13_167	5.60794	-4.81814	4.89372	-4.47218
13_168	5.87117	-5.60692	5.43185	-5.21886
13_169	5.4772	-4.42639	4.55673	-3.97505
13_170	5.65022	-4.94483	4.8439	-4.38138
13_171	5.87067	-5.60542	5.42871	-5.21314
13_172	5.74816	-5.23833	5.18854	-4.89246
13_173	5.95434	-5.85612	5.65714	-5.51242
13_174	5.79157	-5.36839	5.10262	-4.73589
13_175	5.98113	-5.93641	5.70673	-5.6028
13_176	5.90997	-5.72318	5.77336	-5.72423
13_177	6.23633	-6.70111	7.08145	-7.52309
13_178	5.8782	-5.62799	5.4345	-5.22369
13_179	5.64645	-4.93353	4.83627	-4.36749
13_180	5.65779	-4.96754	4.85311	-4.39818
13_181	5.65779	-4.96754	4.85311	-4.39818
13_182	5.74891	-5.24057	5.37335	-5.11225
13_183	5.46148	-4.37929	4.54578	-3.9551
13_184	5.58062	-4.73629	4.79628	-4.2946
13_185	5.88191	-5.63909	5.43273	-5.22046
13_186	5.63906	-4.91141	4.83282	-4.36119
13_187	6.01972	-6.05203	6.2334	-6.32861
13_188	5.47991	-4.4345	4.5644	-3.98902
13_189	5.90399	-5.70526	5.44485	-5.24257
13_190	5.76763	-5.29665	5.15981	-4.8401
13_191	5.48347	-4.44517	4.56478	-3.98971
13_192	6.11664	-6.34247	7.09445	-7.42977
13_193	5.90308	-5.70254	5.44602	-5.24469
13_194	5.78086	-5.3363	5.20224	-4.91742
13_195	5.89649	-5.68279	5.42831	-5.21241
13_196	5.63748	-4.90668	4.83716	-4.36911
13_197	5.87812	-5.62773	5.4276	-5.21112
13_198	5.79417	-5.37619	5.10344	-4.73737
13_199	6.16922	-6.50003	6.52385	-6.74093
13_200	5.48525	-4.45052	4.55643	-3.9745
13_201	5.63817	-4.90873	4.8283	-4.35296
13_202	5.89977	-5.6926	5.43837	-5.23075
13_203	5.62685	-4.87483	4.83761	-4.36992
13_204	5.76784	-5.2973	5.19353	-4.90156
13_205	6.01768	-6.04594	6.00045	-6.02109
13_206	5.55892	-4.67127	4.8448	-4.38302
13_207	5.94087	-5.81578	5.63998	-5.48116
13_208	5.76189	-5.27946	5.16707	-4.85333
13_209	5.64048	-4.91567	4.83204	-4.35978
13_210	5.88177	-5.63868	5.43719	-5.2286
13_211	5.7429	-5.22256	5.19263	-4.89991
13_212	5.46608	-4.39308	4.53716	-3.93939
13_213	5.90329	-5.70317	5.43615	-5.2267
13_214	5.85859	-5.56922	5.67929	-5.5528
13_215	5.76861	-5.2996	5.17007	-4.8588
13_216	5.87803	-5.62748	5.43049	-5.21639
13_217	5.96298	-5.88201	5.64469	-5.48974
13_218	5.77712	-5.32509	5.09094	-4.71459
13_219	5.78414	-5.34613	5.10348	-4.73744
13_220	6.01792	-6.04666	5.92417	-5.88207
13_221	5.87979	-5.63274	5.43811	-5.23027
13_222	5.63676	-4.90451	4.84051	-4.37521
13_223	5.91941	-5.75145	5.74828	-5.67853
13_224	6.20304	-6.60136	7.47656	-8.00914
13_225	5.77054	-5.30539	5.18027	-4.87738
13_226	5.78222	-5.34037	5.19169	-4.8982
13_227	5.75502	-5.25887	5.09251	-4.71745
13_228	5.7646	-5.28758	5.20299	-4.91879
13_229	5.94905	-5.84029	5.72651	-5.63886
13_230	6.11386	-6.33413	6.27678	-6.40767
13_231	5.90971	-5.72239	5.43758	-5.2293
13_232	5.65567	-4.96118	4.84374	-4.3811
13_233	6.04373	-6.12399	6.03982	-6.09282
13_234	5.78719	-5.35527	5.09845	-4.72828
13_235	6.0352	-6.09842	5.91873	-5.87216
13_236	5.88067	-5.63538	5.42388	-5.20434
13_237	5.96471	-5.88722	5.64916	-5.49789
13_238	5.95811	-5.86743	5.6515	-5.50216
13_239	5.80448	-5.40708	5.11489	-4.75823
13_240	5.49204	-4.47086	4.57038	-3.99994
13_241	6.02275	-6.06111	6.03513	-6.08428
13_242	6.17749	-6.52479	6.81987	-7.16338
13_243	5.88411	-5.64568	5.42777	-5.21143
13_244	5.77486	-5.31832	5.18301	-4.88238
13_245	5.77434	-5.31676	5.19946	-4.91235
13_246	6.12146	-6.35691	6.26891	-6.39332
13_247	5.64165	-4.91916	4.8418	-4.37757
13_248	5.78744	-5.35601	5.09891	-4.72913
13_249	5.88946	-5.66171	5.43377	-5.22237
13_250	5.64977	-4.94349	4.83518	-4.3655
13_251	5.66065	-4.97611	4.84861	-4.38998
13_252	5.89627	-5.68214	5.41745	-5.19263
13_253	5.63214	-4.89067	4.8233	-4.34385
13_254	5.86166	-5.57842	5.41251	-5.18362
13_255	5.47301	-4.41385	4.54691	-3.95716
13_256	5.76522	-5.28943	5.16557	-4.85059
13_257	5.94765	-5.8361	5.64578	-5.49172
13_258	5.9119	-5.72897	5.44141	-5.23629
13_259	5.85115	-5.54693	5.42627	-5.20869
13_260	6.18106	-6.53549	7.05492	-7.47473
13_261	5.96327	-5.88289	5.69593	-5.58313
13_262	5.87829	-5.62826	5.43011	-5.21569
13_263	6.27363	-6.81289	8.01086	-8.74883
13_264	5.89611	-5.68163	5.42037	-5.19794
13_265	6.03822	-6.10748	5.92499	-5.88356
13_266	5.94238	-5.82028	5.887	-5.81432
13_267	5.64397	-4.92612	4.84728	-4.38756
13_268	5.64212	-4.92058	4.8367	-4.36827
13_269	5.77737	-5.32584	5.18263	-4.88168
13_270	6.13219	-6.38907	6.27563	-6.40556
13_271	5.64443	-4.92749	4.8409	-4.37592
13_272	5.79109	-5.36695	5.10004	-4.73118
13_273	5.48397	-4.44669	4.55839	-3.97808
13_274	5.90444	-5.7066	5.43449	-5.22367
13_275	5.75235	-5.25086	5.14715	-4.81702
13_276	6.11125	-6.32632	6.67532	-6.89996
13_277	6.10205	-6.29873	6.24765	-6.35458
13_278	5.90718	-5.71482	5.43753	-5.22922
13_279	5.7611	-5.27709	5.16037	-4.84113
13_280	5.65285	-4.95273	4.84154	-4.37709
13_281	5.95419	-5.85569	5.63885	-5.4791
13_282	6.05194	-6.14859	5.91666	-5.86838
13_283	5.88919	-5.66092	5.43651	-5.22736
13_284	6.02333	-6.06286	6.04924	-6.10999
13_285	5.77555	-5.3204	5.0968	-4.72527
13_286	5.90673	-5.71347	5.4343	-5.22334
13_287	5.29404	-3.87756	4.25324	-3.53897
13_288	6.12276	-6.3608	6.26536	-6.38685
13_289	5.47264	-4.41273	4.5491	-3.96114
13_290	6.05737	-6.16486	6.04907	-6.10968
13_291	5.64298	-4.92313	4.84182	-4.3776
13_292	5.65575	-4.96141	4.84938	-4.39138
13_293	5.65575	-4.96141	4.84938	-4.39138
13_294	6.06529	-6.18859	6.02224	-6.06079
13_295	5.47876	-4.43108	4.55104	-3.96468
13_296	6.07237	-6.20979	6.03769	-6.08895
13_297	5.65088	-4.94682	4.84016	-4.37457
13_298	5.91311	-5.73259	5.34959	-5.06896
13_299	5.84349	-5.52398	5.41546	-5.18899
13_300	5.60681	-4.81476	4.89263	-4.47019
13_301	5.88858	-5.6591	5.43912	-5.23212
13_302	5.79457	-5.37737	5.11065	-4.7505
13_303	5.94829	-5.838	5.89493	-5.82879
13_304	5.73738	-5.20602	5.15509	-4.83149
13_305	5.87409	-5.61567	5.42078	-5.19869
13_306	5.90397	-5.70521	5.4364	-5.22717
13_307	5.89432	-5.6763	5.77095	-5.71984
13_308	6.11983	-6.35202	6.68448	-6.91666
13_309	5.93085	-5.78575	5.45011	-5.25214
13_310	5.72391	-5.16564	5.12445	-4.77566
13_311	5.91275	-5.73151	5.44783	-5.24798
13_312	5.77956	-5.33242	5.10495	-4.74012
13_313	6.09461	-6.27645	6.48754	-6.67475
13_314	5.79704	-5.38479	5.10786	-4.74542
13_315	5.98061	-5.93485	5.65323	-5.50531
13_316	6.04575	-6.13005	5.92084	-5.876
13_317	5.80098	-5.39658	5.11161	-4.75227
13_318	5.92197	-5.75914	5.44385	-5.24073
13_319	6.05605	-6.1609	5.94214	-5.91482
13_320	6.03185	-6.0884	5.6824	-5.55847
13_321	6.26629	-6.79088	7.07254	-7.50685
13_322	6.24095	-6.71494	7.05011	-7.46597
13_323	6.13302	-6.39154	6.67069	-6.89152
13_324	5.77888	-5.33038	5.18081	-4.87838
13_325	5.47166	-4.4098	4.54251	-3.94913
13_326	6.19342	-6.57253	7.05802	-7.48039
13_327	5.90058	-5.69503	5.43586	-5.22618
13_328	5.96353	-5.88366	5.6494	-5.49832
13_329	6.21207	-6.62841	7.25642	-7.72495
13_330	5.79153	-5.36828	5.11133	-4.75175
13_331	5.65662	-4.96402	4.84972	-4.39199
13_332	5.76934	-5.3018	5.16183	-4.84378
13_333	5.88062	-5.63523	5.43028	-5.216
13_334	5.65574	-4.96138	4.84065	-4.37546
13_335	5.47148	-4.40924	4.56109	-3.983
13_336	5.65543	-4.96044	4.84035	-4.37491
13_337	5.7484	-5.23903	5.18734	-4.89027
13_338	5.46933	-4.40282	4.54509	-3.95383
13_339	5.80436	-5.40671	5.10541	-4.74097
13_340	6.05083	-6.14525	6.02101	-6.05854
13_341	6.10012	-6.29295	6.26986	-6.39505
13_342	5.76469	-5.28784	5.18466	-4.8854
13_343	5.7935	-5.37417	5.09911	-4.72948
13_344	6.04211	-6.11913	5.93085	-5.89424
13_345	6.14131	-6.41638	6.26976	-6.39487
13_346	5.92554	-5.76985	5.44751	-5.2474
13_347	5.62788	-4.8779	4.83922	-4.37285
13_348	6.05503	-6.15783	6.04754	-6.1069
13_349	5.89399	-5.67529	5.41751	-5.19273
13_350	5.62763	-4.87716	4.8174	-4.33309
13_351	5.95606	-5.86129	5.6579	-5.51381
13_352	6.29099	-6.86488	8.22309	-9.01859
13_353	5.92139	-5.7574	5.43955	-5.2329
13_354	5.78437	-5.34683	5.19391	-4.90224
13_355	5.77932	-5.33168	5.1728	-4.86377
13_356	5.90802	-5.71734	5.42963	-5.21482
13_357	6.02318	-6.0624	6.0357	-6.08531
13_358	5.64258	-4.92194	4.84375	-4.38111
13_359	6.02867	-6.07885	5.67795	-5.55035
13_360	6.01931	-6.05081	5.73699	-5.65795
13_361	5.76884	-5.30028	5.09456	-4.72118
13_362	5.85227	-5.55028	5.42137	-5.19976
13_363	5.88612	-5.65172	5.42692	-5.20989
13_364	6.14095	-6.41529	6.28115	-6.41563
13_365	6.12295	-6.36136	6.67203	-6.89395
13_366	5.91606	-5.74142	5.43659	-5.22751
13_367	5.91606	-5.74142	5.43659	-5.22751
13_368	5.97905	-5.93016	5.65259	-5.50415
13_369	5.66205	-4.98031	4.84921	-4.39106
13_370	5.66205	-4.98031	4.84921	-4.39106
13_371	5.65894	-4.97099	4.85148	-4.3952
13_372	6.02616	-6.07135	5.67119	-5.53804
13_373	5.47545	-4.42115	4.56573	-3.99145
13_374	6.01525	-6.03864	5.92047	-5.87531
13_375	5.88464	-5.64726	5.42948	-5.21455
13_376	6.03965	-6.11177	5.68475	-5.56276
13_377	6.24063	-6.71398	7.06454	-7.49227
13_378	5.77337	-5.31387	5.18403	-4.88425
13_379	5.4657	-4.39193	4.54666	-3.95669
13_380	6.15851	-6.46792	6.28034	-6.41415
13_381	5.61375	-4.83555	4.83785	-4.37037
13_382	6.10419	-6.30516	6.11891	-6.11995
13_383	5.91964	-5.75215	5.35329	-5.07569
13_384	5.982	-5.939	5.7232	-5.63282
13_385	5.62815	-4.87872	4.82297	-4.34325
13_386	5.93454	-5.7968	5.4498	-5.25158
13_387	5.7484	-5.23905	5.18018	-4.87722
13_388	6.17097	-6.50525	6.48807	-6.67572
13_389	5.94683	-5.83362	6.01493	-6.04747
13_390	6.03123	-6.08654	5.67171	-5.53899
13_391	5.48255	-4.44241	4.55387	-3.96984
13_392	5.80386	-5.40521	5.10274	-4.73609
13_393	5.7772	-5.32533	5.09572	-4.7233
13_394	6.05769	-6.16583	6.35972	-6.44181
13_395	6.12786	-6.37608	6.25267	-6.36372
13_396	5.9487	-5.83922	5.6358	-5.47355
13_397	5.92574	-5.77043	5.44556	-5.24385
13_398	5.89831	-5.68822	5.43919	-5.23224
13_399	6.13753	-6.40505	6.26375	-6.38392
13_400	6.04703	-6.13386	6.03388	-6.08201
13_401	5.71582	-5.1414	5.11214	-4.75323
13_402	5.9633	-5.88297	5.70024	-5.59099
13_403	6.18771	-6.55543	6.5225	-6.73845
13_404	6.1695	-6.50084	6.49024	-6.67967
13_405	5.4764	-4.42401	4.55127	-3.9651
13_406	5.92569	-5.77028	5.63256	-5.46764
13_407	5.65334	-4.9542	4.83912	-4.37268
13_408	5.87516	-5.61888	5.42317	-5.20304
13_409	6.05332	-6.15272	5.92457	-5.88279
13_410	5.63997	-4.91412	4.83916	-4.37275
13_411	5.64266	-4.92218	4.83072	-4.35737
13_412	5.80964	-5.42253	5.11395	-4.75653
13_413	6.1317	-6.38759	6.26834	-6.39227
13_414	6.06194	-6.17855	5.92481	-5.88322
13_415	5.75462	-5.25768	5.17596	-4.86953
13_416	6.0398	-6.11222	5.6793	-5.55282
13_417	5.89788	-5.68696	5.43075	-5.21686
13_418	5.90738	-5.71541	5.44369	-5.24044
13_419	6.23984	-6.71163	7.24995	-7.71316
13_420	6.10625	-6.31133	6.49256	-6.6839
13_421	5.80512	-5.40899	5.10736	-4.74451
13_422	6.04501	-6.12781	5.9998	-6.01989
13_423	5.76128	-5.27763	5.14958	-4.82145
13_424	6.20135	-6.5963	6.47985	-6.66074
13_425	5.6552	-4.95976	4.84174	-4.37745
13_426	5.82057	-5.45528	5.12029	-4.76809
13_427	5.92197	-5.75913	5.43474	-5.22414
13_428	6.21579	-6.63957	7.23442	-7.68486
13_429	5.76709	-5.29505	5.18123	-4.87914
13_430	6.02462	-6.06671	6.05137	-6.11387
13_431	6.25771	-6.76517	7.47632	-8.0087
13_432	5.89252	-5.6709	5.42547	-5.20723
13_433	5.59107	-4.76761	4.87665	-4.44107
13_434	6.11356	-6.33322	6.50029	-6.69798
13_435	5.92143	-5.75751	5.4331	-5.22115
13_436	6.10943	-6.32086	6.12314	-6.12767
13_437	6.06286	-6.18131	6.01646	-6.05026
13_438	5.61498	-4.83925	4.82724	-4.35104
13_439	6.0833	-6.24254	5.94998	-5.92911
13_440	5.88371	-5.64448	5.43233	-5.21974
13_441	5.65648	-4.9636	4.83922	-4.37285
13_442	6.20504	-6.60734	6.4866	-6.67303
13_443	5.71947	-5.15236	5.0673	-4.67151
13_444	5.90299	-5.70227	5.43743	-5.22903
13_445	5.66175	-4.97941	4.85012	-4.39273
13_446	6.18394	-6.54411	7.10196	-7.44345
13_447	5.77436	-5.31684	5.17777	-4.87283
13_448	5.92637	-5.77232	5.44531	-5.24339
13_449	5.46627	-4.39364	4.5392	-3.9431
13_450	5.7737	-5.31486	5.09156	-4.71572
13_451	6.05207	-6.14899	5.93056	-5.89372
13_452	5.96482	-5.88755	5.70177	-5.59376
13_453	5.78166	-5.33869	5.10258	-4.7358
13_454	6.27266	-6.80997	7.05619	-7.47705
13_455	5.90699	-5.71424	5.41691	-5.19164
13_456	6.04358	-6.12354	5.68262	-5.55887
13_457	5.87711	-5.62472	5.42195	-5.20081
13_458	5.96664	-5.893	5.63576	-5.47346
13_459	5.99765	-5.9859	5.66346	-5.52395
13_460	5.80687	-5.41424	5.10742	-4.74463
13_461	5.75959	-5.27258	5.14642	-4.81569
13_462	5.90812	-5.71764	5.42076	-5.19866
13_463	6.03306	-6.09202	6.22172	-6.30733
13_464	5.88801	-5.65738	5.4297	-5.21495
13_465	5.91297	-5.73217	5.43817	-5.23039
13_466	6.04602	-6.13084	6.03164	-6.07791
13_467	6.0193	-6.05077	5.73646	-5.65698
13_468	6.04391	-6.12453	5.68282	-5.55922
13_469	5.63223	-4.89093	4.82533	-4.34755
13_470	6.06558	-6.18947	5.93247	-5.89719
13_471	6.07566	-6.21968	5.93766	-5.90664
13_472	6.05666	-6.16272	5.93041	-5.89345
13_473	6.04651	-6.13231	5.68703	-5.56691
13_474	5.6523	-4.95108	4.84005	-4.37438
13_475	5.59039	-4.76557	4.8605	-4.41164
13_476	5.65358	-4.9549	4.8406	-4.37538
13_477	6.04066	-6.11478	5.68403	-5.56143
13_478	6.14267	-6.42046	6.68641	-6.92017
13_479	5.91591	-5.74097	5.43558	-5.22566
13_480	6.19431	-6.57519	6.51781	-6.72991
13_481	6.11596	-6.34043	5.94192	-5.91442
13_482	6.1668	-6.49278	6.27942	-6.41247
13_483	6.03383	-6.09434	6.27361	-6.28487
13_484	5.94528	-5.82897	5.87265	-5.78817
13_485	5.95059	-5.8449	5.65633	-5.51096
13_486	5.63518	-4.89979	4.82874	-4.35376
13_487	5.9331	-5.79249	5.75307	-5.68725
13_488	6.33552	-6.99833	8.23124	-9.03346
13_489	5.65652	-4.96373	4.83758	-4.36987
13_490	6.12286	-6.36109	6.12391	-6.12906
13_491	5.90655	-5.71294	5.43824	-5.23052
13_492	5.88479	-5.64773	5.38887	-5.14054
13_493	5.9201	-5.75354	5.42878	-5.21327
13_494	6.17254	-6.50997	6.28686	-6.42603
13_495	6.104	-6.30457	7.99391	-8.60094
13_496	5.9328	-5.7916	5.3605	-5.08884
13_497	5.89925	-5.69105	5.42927	-5.21417
13_498	5.49088	-4.46738	4.57064	-4.0004
13_499	5.93547	-5.7996	5.44289	-5.23898
13_500	6.20302	-6.60131	6.28905	-6.43003
13_501	6.17053	-6.50394	6.80922	-7.14397
13_502	5.65691	-4.96488	4.85302	-4.398
13_503	5.65691	-4.96488	4.85302	-4.398
13_504	5.90282	-5.70176	5.43436	-5.22344
13_505	5.77414	-5.31618	5.17819	-4.8736
13_506	5.76443	-5.28706	5.08868	-4.71048
13_507	6.05009	-6.14305	6.04273	-6.09814
13_508	6.07369	-6.21375	5.94744	-5.92448
13_509	6.0994	-6.29081	6.25289	-6.36413
13_510	6.00545	-6.00927	5.65913	-5.51605
13_511	5.92107	-5.75645	5.43057	-5.21654
13_512	6.18347	-6.5427	6.49127	-6.68154
13_513	5.76375	-5.28503	5.13552	-4.79583
13_514	6.00267	-6.00096	5.66931	-5.53462
13_515	6.13496	-6.39737	6.66764	-6.88595
13_516	5.63977	-4.91354	4.82427	-4.34562
13_517	5.77537	-5.31984	5.15533	-4.83194
13_518	6.20444	-6.60554	6.47496	-6.65182
13_519	5.78611	-5.35202	5.10583	-4.74173
13_520	5.90154	-5.69793	5.43879	-5.23152
13_521	6.08114	-6.23608	5.94976	-5.9287
13_522	5.80388	-5.40528	5.10753	-4.74483
13_523	6.03373	-6.09403	5.66984	-5.53557
13_524	6.16019	-6.47294	6.26184	-6.38044
13_525	6.04988	-6.14241	6.24612	-6.35178
13_526	5.77243	-5.31105	5.08581	-4.70524
13_527	5.48223	-4.44145	4.55631	-3.97429
13_528	5.92441	-5.76643	5.43516	-5.2249
13_529	6.083	-6.24166	5.93697	-5.9054
13_530	6.06482	-6.18717	5.99403	-6.00937
13_531	6.15512	-6.45777	6.67476	-6.89894
13_532	5.74044	-5.21519	5.14081	-4.80547
13_533	6.20074	-6.59448	6.27788	-6.40966
13_534	6.1423	-6.41936	6.15395	-6.18381
13_535	6.04771	-6.13593	6.00752	-6.03396
13_536	6.12362	-6.36337	5.94497	-5.91997
13_537	5.8587	-5.56956	5.42774	-5.21138
13_538	6.28145	-6.83632	6.73341	-7.00582
13_539	6.13871	-6.4086	6.14464	-6.16684
13_540	5.91495	-5.73809	5.44317	-5.23949
13_541	6.0672	-6.19431	5.94888	-5.92709
13_542	5.9118	-5.72867	5.43044	-5.21629
13_543	5.92361	-5.76404	5.43382	-5.22245
13_544	5.77646	-5.32312	5.09223	-4.71695
13_545	6.27336	-6.81207	7.47416	-8.00476
13_546	6.27585	-6.81952	6.72309	-6.98701
13_547	5.79014	-5.3641	5.09211	-4.71673
13_548	6.2544	-6.75526	7.01972	-7.41059
13_549	5.76701	-5.29479	5.16009	-4.84061
13_550	6.35696	-7.06256	7.29992	-7.80422
13_551	6.1283	-6.37738	6.252	-6.36251
13_552	5.81994	-5.45341	5.11786	-4.76366
13_553	5.762	-5.27979	5.18015	-4.87717
13_554	5.47677	-4.42511	4.54569	-3.95492
13_555	5.8754	-5.61959	5.67686	-5.54837
13_556	5.76087	-5.27639	5.16184	-4.84381
13_557	5.88201	-5.63939	5.33472	-5.04185
13_558	5.81666	-5.44358	5.11198	-4.75293
13_559	6.08735	-6.25469	6.02989	-6.07473
13_560	5.90916	-5.72076	5.41367	-5.18574
13_561	5.63848	-4.90968	4.82638	-4.34946
13_562	6.04474	-6.12702	5.67774	-5.54997
13_563	6.14901	-6.43944	6.26318	-6.38288
13_564	5.63276	-4.89253	4.83347	-4.36238
13_565	5.92513	-5.76862	5.6294	-5.46188
13_566	5.65648	-4.9636	4.84366	-4.38095
13_567	6.11126	-6.32635	5.89336	-5.82591
13_568	5.90897	-5.72018	5.40762	-5.17472
13_569	5.64755	-4.93684	4.83169	-4.35913
13_570	5.93113	-5.78658	5.43819	-5.23043
13_571	5.78104	-5.33684	5.17117	-4.86081
13_572	6.00099	-5.99591	5.72564	-5.63726
13_573	5.91415	-5.73571	5.42454	-5.20555
13_574	5.81163	-5.42852	5.11159	-4.75223
13_575	6.2054	-6.60842	6.78092	-7.0924
13_576	6.01182	-6.02835	5.71406	-5.61617
13_577	6.36011	-7.07201	7.28848	-7.78338
13_578	5.90402	-5.70536	5.43457	-5.22383
13_579	5.75881	-5.27022	5.19997	-4.91328
13_580	6.04461	-6.12663	5.67843	-5.55123
13_581	6.00499	-6.00792	5.6606	-5.51874
13_582	5.85775	-5.56671	5.43006	-5.21559
13_583	5.98137	-5.93712	5.72552	-5.63705
13_584	5.64371	-4.92533	4.84068	-4.37552
13_585	6.12343	-6.36282	6.5039	-6.70456
13_586	6.28625	-6.8507	6.72899	-6.99775
13_587	5.81558	-5.44033	5.11235	-4.75361
13_588	5.88631	-5.65229	5.42627	-5.2087
13_589	6.1326	-6.39029	5.95695	-5.9418
13_590	6.19153	-6.56686	8.57292	-9.42211
13_591	6.04366	-6.12378	5.67355	-5.54233
13_592	6.13246	-6.38986	5.95835	-5.94435
13_593	5.78146	-5.33809	5.19131	-4.8975
13_594	5.76075	-5.27604	5.08599	-4.70558
13_595	6.05929	-6.17061	5.93368	-5.89939
13_596	6.12842	-6.37776	6.22057	-6.30522
13_597	6.31843	-6.94711	7.0776	-7.51606
13_598	6.1017	-6.29769	5.95622	-5.94048
13_599	5.91294	-5.73209	5.42738	-5.21073
13_600	6.06004	-6.17285	6.03521	-6.08442
13_601	6.13917	-6.40996	6.25218	-6.36283
13_602	5.73573	-5.20108	5.1188	-4.76537
13_603	5.77168	-5.3088	5.1654	-4.85029
13_604	6.38795	-7.15543	8.01457	-8.7556
13_605	6.04091	-6.11554	5.6705	-5.53678
13_606	5.78038	-5.33488	5.09765	-4.72682
13_607	6.13864	-6.40838	6.66023	-6.87245
13_608	6.04907	-6.13999	5.68079	-5.55554
13_609	6.04907	-6.13999	5.68079	-5.55554
13_610	5.77112	-5.30711	5.16461	-4.84886
13_611	6.22807	-6.67636	7.29841	-7.68447
13_612	5.99194	-5.96879	5.65537	-5.50921
13_613	6.01267	-6.0309	5.66681	-5.53006
13_614	6.13873	-6.40865	6.14182	-6.1617
13_615	6.0568	-6.16315	6.02893	-6.07299
13_616	6.14365	-6.4234	6.13317	-6.14595
13_617	5.91828	-5.74807	5.42849	-5.21274
13_618	5.47673	-4.42498	4.54785	-3.95887
13_619	5.65399	-4.95613	4.83996	-4.37422
13_620	5.66069	-4.97621	4.84231	-4.37849
13_621	5.77869	-5.3298	5.15934	-4.83925
13_622	5.90683	-5.71378	5.43124	-5.21775
13_623	6.04895	-6.13961	6.0127	-6.04341
13_624	6.13122	-6.38615	5.95771	-5.9432
13_625	5.7819	-5.33941	5.09865	-4.72864
13_626	6.23626	-6.70091	6.52622	-6.74524
13_627	5.96546	-5.88944	5.64235	-5.48549
13_628	6.07251	-6.21022	6.04343	-6.09941
13_629	6.06671	-6.19284	5.99245	-6.0065
13_630	6.29548	-6.87835	6.73811	-7.01439
13_631	6.14096	-6.41534	6.14502	-6.16755
13_632	6.04844	-6.13809	5.67529	-5.54551
13_633	6.39351	-7.17209	9.3535	-10.4936
13_634	6.20618	-6.61078	7.04305	-7.4531
13_635	5.91069	-5.72534	5.40974	-5.17857
13_636	5.89993	-5.69308	5.43558	-5.22566
13_637	5.91909	-5.75049	5.42241	-5.20166
13_638	6.3849	-7.14631	8.24145	-9.05206
13_639	6.22671	-6.67227	6.47594	-6.65361
13_640	6.30601	-6.90989	7.66672	-8.23867
13_641	5.9311	-5.78648	5.43807	-5.23019
13_642	6.08756	-6.25533	5.93533	-5.9024
13_643	5.90454	-5.70691	5.40417	-5.16842
13_644	5.64672	-4.93437	4.8266	-4.34985
13_645	5.91176	-5.72853	5.41949	-5.19635
13_646	6.079	-6.22967	5.94144	-5.91354
13_647	6.1567	-6.4625	6.27868	-6.41112
13_648	5.90981	-5.72271	5.42144	-5.1999
13_649	6.2147	-6.63631	7.05808	-7.48049
13_650	5.88232	-5.64034	5.3158	-5.00738
13_651	6.00157	-5.99767	5.66666	-5.52979
13_652	5.8143	-5.43652	5.10913	-4.74773
13_653	6.04362	-6.12366	5.67366	-5.54254
13_654	6.1481	-6.43674	6.15435	-6.18455
13_655	6.14693	-6.43321	6.24997	-6.3588
13_656	6.27692	-6.82275	6.72227	-6.98552
13_657	6.2307	-6.68424	6.41848	-6.5489
13_658	6.29757	-6.88461	7.04341	-7.45377
13_659	5.94896	-5.84	5.36549	-5.09794
13_660	6.27618	-6.82051	6.50311	-6.70312
13_661	6.01407	-6.03511	6.04319	-6.09896
13_662	5.92409	-5.76549	5.42334	-5.20336
13_663	6.07949	-6.23114	6.76605	-7.0653
13_664	6.14284	-6.42095	6.24624	-6.35201
13_665	5.73812	-5.20822	5.17077	-4.86007
13_666	5.90719	-5.71485	5.43137	-5.21799
13_667	5.88557	-5.65006	5.72307	-5.63258
13_668	5.59008	-4.76464	4.87583	-4.43957
13_669	5.72327	-5.16374	5.12626	-4.77897
13_670	5.46875	-4.40107	4.55886	-3.97893
13_671	5.65105	-4.94733	4.84646	-4.38605
13_672	5.65953	-4.97273	4.84931	-4.39125
13_673	5.57018	-4.705	4.84043	-4.37506
13_674	5.46826	-4.3996	4.54246	-3.94905
13_675	5.26034	-3.77659	4.22468	-3.48693
13_676	6.10239	-6.29975	5.95173	-5.9323
13_677	5.91139	-5.72743	5.43364	-5.22214
13_678	6.13735	-6.40453	5.95324	-5.93504
13_679	6.16373	-6.48355	6.27263	-6.40009
13_680	6.0125	-6.0304	5.71209	-5.61257
13_681	6.20562	-6.60908	6.26988	-6.39509
13_682	6.20646	-6.61159	6.27258	-6.40001
13_683	5.92747	-5.77562	5.42882	-5.21334
13_684	6.28599	-6.84992	6.72316	-6.98715
13_685	6.31699	-6.9428	7.49271	-8.03856
13_686	5.83957	-5.51223	5.4194	-5.19618
13_687	6.31025	-6.92261	7.66616	-8.23766
13_688	6.17227	-6.50915	6.27252	-6.3999
13_689	5.87319	-5.61298	5.6116	-5.42944
13_690	6.19917	-6.58977	6.16168	-6.1979
13_691	6.00618	-6.01147	5.66201	-5.52131
13_692	6.2417	-6.71721	7.22834	-7.67377
13_693	5.91201	-5.72929	5.43764	-5.22942
13_694	5.80606	-5.41183	5.10833	-4.74628
13_695	6.07051	-6.20424	5.93697	-5.9054
13_696	5.7589	-5.27049	5.14057	-4.80504
13_697	6.01842	-6.04816	5.71749	-5.62241
13_698	6.09275	-6.27086	5.94651	-5.92278
13_699	6.2364	-6.70132	6.52634	-6.74546
13_700	6.16467	-6.48637	6.67584	-6.9009
13_701	6.12518	-6.36805	5.89635	-5.83137
13_702	6.36463	-7.08556	8.215	-9.00386
13_703	6.02649	-6.07233	5.96005	-5.94746
13_704	5.80339	-5.4038	5.10313	-4.7368
13_705	5.929	-5.78021	5.42807	-5.21198
13_706	6.05185	-6.14832	5.675	-5.54498
13_707	6.17823	-6.52702	6.26948	-6.39436
13_708	5.91254	-5.73088	5.41983	-5.19697
13_709	5.654	-4.95618	4.84428	-4.38209
13_710	5.79133	-5.36769	5.10775	-4.74523
13_711	5.91669	-5.74333	5.42709	-5.21019
13_712	6.1413	-6.41636	6.25592	-6.36965
13_713	5.89843	-5.68861	5.44183	-5.23705
13_714	6.04817	-6.13729	5.67289	-5.54113
13_715	5.64599	-4.93217	4.82954	-4.35522
13_716	6.05819	-6.1673	6.25045	-6.35967
13_717	5.93005	-5.78334	5.42148	-5.19996
13_718	6.38776	-7.15487	7.29623	-7.79749
13_719	6.20193	-6.59802	6.27114	-6.39737
13_720	5.66786	-4.9977	5.06542	-4.66808
13_721	6.08646	-6.25201	5.93651	-5.90455
13_722	5.65731	-4.96609	4.83637	-4.36766
13_723	5.64177	-4.91951	4.84245	-4.37875
13_724	6.30594	-6.9097	6.73105	-7.00152
13_725	6.27449	-6.81546	7.0242	-7.41875
13_726	6.23168	-6.68719	6.41727	-6.54669
13_727	6.18153	-6.5369	6.68833	-6.92366
13_728	6.37013	-7.10203	7.28669	-7.78011
13_729	5.77233	-5.31074	5.17875	-4.87462
13_730	6.14207	-6.41866	5.95808	-5.94386
13_731	5.77417	-5.31626	5.09242	-4.7173
13_732	5.94844	-5.83844	5.63708	-5.47587
13_733	5.9321	-5.7895	5.43701	-5.22828
13_734	6.07189	-6.20837	6.0139	-6.0456
13_735	5.81409	-5.43587	5.10614	-4.7423
13_736	6.23439	-6.6953	6.51986	-6.73365
13_737	6.21643	-6.64147	6.44968	-6.60576
13_738	6.15565	-6.45934	6.25133	-6.36128
13_739	6.22242	-6.65941	7.06282	-7.37213
13_740	5.92148	-5.75766	5.41959	-5.19653
13_741	5.60996	-4.8242	4.82337	-4.34398
13_742	5.99434	-5.97599	5.65557	-5.50957
13_743	6.13724	-6.40417	5.95324	-5.93505
13_744	6.28395	-6.84381	7.26921	-7.74826
13_745	5.79725	-5.38542	5.1092	-4.74787
13_746	6.04703	-6.13389	5.6654	-5.52749
13_747	6.01721	-6.04453	5.66129	-5.51999
13_748	6.36549	-7.08813	8.21415	-9.0023
13_749	6.22065	-6.65412	6.52072	-6.73521
13_750	6.03722	-6.10448	5.97144	-5.96821
13_751	5.4798	-4.43419	4.54688	-3.9571
13_752	5.65937	-4.97226	4.83921	-4.37284
13_753	6.29485	-6.87647	6.90539	-7.20223
13_754	5.76688	-5.29441	5.14339	-4.81017
13_755	6.40193	-7.19733	8.4354	-9.28851
13_756	6.06685	-6.19326	6.01469	-6.04703
13_757	5.93413	-5.79557	5.44207	-5.23749
13_758	5.94127	-5.81695	5.43949	-5.23279
13_759	5.65075	-4.94644	4.8472	-4.38741
13_760	5.81515	-5.43905	5.11083	-4.75085
13_761	6.11838	-6.34767	5.88786	-5.81589
13_762	6.15429	-6.45529	5.9709	-5.96722
13_763	6.05519	-6.15832	5.67153	-5.53866
13_764	5.93592	-5.80093	5.3545	-5.0779
13_765	5.85499	-5.55844	5.42406	-5.20466
13_766	5.77025	-5.30452	5.18625	-4.88829
13_767	6.13661	-6.4023	5.96032	-5.94795
13_768	6.25735	-6.76408	7.14661	-7.52483
13_769	5.88578	-5.65069	5.41963	-5.1966
13_770	6.22	-6.65216	6.27226	-6.39942
13_771	5.77879	-5.3301	5.17306	-4.86424
13_772	6.06309	-6.18199	6.03173	-6.07809
13_773	6.2124	-6.62939	7.04127	-7.44986
13_774	6.12584	-6.37003	6.45176	-6.60954
13_775	6.1681	-6.49667	6.26811	-6.39186
13_776	6.06382	-6.1842	5.68729	-5.56737
13_777	6.26094	-6.77486	7.05164	-7.46877
13_778	6.31299	-6.93083	7.4839	-8.0225
13_779	6.31601	-6.93986	6.74058	-7.01889
13_780	5.76965	-5.30271	5.15652	-4.8341
13_781	6.01192	-6.02867	5.6621	-5.52146
13_782	5.89234	-5.67035	5.43751	-5.22918
13_783	6.16418	-6.4849	6.15356	-6.1831
13_784	6.18796	-6.55615	6.69635	-6.93827
13_785	6.24201	-6.71813	6.48763	-6.67491
13_786	6.29068	-6.86396	6.71305	-6.96872
13_787	6.2787	-6.82808	9.50951	-10.661
13_788	6.33967	-7.01077	7.6741	-8.25212
13_789	6.22912	-6.67951	7.07647	-7.39701
13_790	5.95571	-5.86025	5.64111	-5.48321
13_791	6.22239	-6.65933	6.186	-6.24222
13_792	6.08971	-6.26176	6.03137	-6.07743
13_793	6.30156	-6.89656	7.04431	-7.4554
13_794	6.06557	-6.18941	5.68223	-5.55815
13_795	6.06051	-6.17426	5.68578	-5.56463
13_796	6.28982	-6.86137	6.72254	-6.986
13_797	6.28487	-6.84655	6.49236	-6.68353
13_798	5.7802	-5.33431	5.17382	-4.86564
13_799	5.92457	-5.76692	5.41951	-5.19638
13_800	5.99363	-5.97388	5.65847	-5.51486
13_801	5.92025	-5.75397	5.43866	-5.23128
13_802	6.21666	-6.64218	6.18091	-6.23295
13_803	6.0156	-6.03969	5.71242	-5.61317
13_804	6.31561	-6.93867	7.07436	-7.51016
13_805	6.23064	-6.68405	6.51612	-6.72683
13_806	5.65035	-4.94525	4.82929	-4.35476
13_807	6.39406	-7.17374	7.28419	-7.77555
13_808	6.05003	-6.14286	5.6751	-5.54517
13_809	5.92949	-5.78167	5.42037	-5.19795
13_810	6.13269	-6.39056	5.9603	-5.94792
13_811	6.2149	-6.63688	6.27368	-6.40202
13_812	5.88928	-5.66119	5.42261	-5.20203
13_813	5.66205	-4.98031	4.84313	-4.37999
13_814	5.88987	-5.66294	5.38412	-5.13189
13_815	6.18599	-6.55025	6.27637	-6.40691
13_816	6.29535	-6.87796	6.7332	-7.00544
13_817	6.24579	-6.72945	6.48722	-6.67416
13_818	5.94832	-5.8381	5.36286	-5.09313
13_819	6.30424	-6.9046	6.73391	-7.00673
13_820	5.97201	-5.90908	5.90514	-5.84739
13_821	6.22091	-6.65489	6.17462	-6.22149
13_822	5.94052	-5.81471	5.43557	-5.22564
13_823	5.81696	-5.44448	5.105	-4.74021
13_824	6.05237	-6.14988	5.66757	-5.53143
13_825	5.64138	-4.91835	4.83107	-4.35801
13_826	5.93151	-5.78773	5.43043	-5.21628
13_827	6.15298	-6.45134	5.96852	-5.96289
13_828	6.28789	-6.85562	6.72204	-6.98509
13_829	5.47063	-4.40671	4.53886	-3.94248
13_830	6.15845	-6.46774	5.96993	-5.96545
13_831	5.93189	-5.78885	5.42361	-5.20385
13_832	5.7739	-5.31546	5.10153	-4.73388
13_833	6.35636	-7.06079	7.15695	-7.54367
13_834	5.87829	-5.62826	5.32888	-5.03121
13_835	6.04673	-6.13298	5.67241	-5.54026
13_836	6.22776	-6.67542	6.46468	-6.6331
13_837	6.02355	-6.0635	6.02506	-6.06593
13_838	5.97479	-5.91741	5.71287	-5.61399
13_839	5.81775	-5.44683	5.10638	-4.74273
13_840	6.40285	-7.20008	8.23663	-9.04328
13_841	6.40926	-7.21929	7.50713	-8.06485
13_842	6.40316	-7.201	8.41594	-9.25304
13_843	6.10846	-6.31794	6.25621	-6.37017
13_844	5.92853	-5.77879	5.41424	-5.18677
13_845	5.91434	-5.73627	5.44388	-5.24079
13_846	6.39987	-7.19115	7.4832	-8.02123
13_847	5.75257	-5.25153	5.1514	-4.82477
13_848	6.21574	-6.63941	6.26716	-6.39012
13_849	6.22814	-6.67656	6.52411	-6.7414
13_850	5.77134	-5.30777	5.1509	-4.82386
13_851	6.20997	-6.62212	6.25362	-6.36546
13_852	6.03182	-6.0883	6.09335	-6.07337
13_853	6.28496	-6.84682	7.20659	-7.63414
13_854	6.2875	-6.85443	7.33136	-7.74451
13_855	6.42731	-7.27338	7.50612	-8.063
13_856	6.00121	-5.99656	5.66071	-5.51893
13_857	5.90671	-5.7134	5.43617	-5.22674
13_858	6.25535	-6.75809	6.48908	-6.67755
13_859	6.20957	-6.62093	6.2562	-6.37015
13_860	5.90537	-5.70939	5.40266	-5.16568
13_861	6.17392	-6.51411	6.15421	-6.18429
13_862	6.17643	-6.52162	6.26274	-6.38208
13_863	6.32023	-6.95251	6.7332	-7.00543
13_864	6.08431	-6.24558	5.94489	-5.91983
13_865	6.39527	-7.17737	7.28113	-7.76997
13_866	6.21325	-6.63194	6.47849	-6.65825
13_867	5.74568	-5.2309	5.13195	-4.78933
13_868	5.64477	-4.92852	4.83432	-4.36393
13_869	6.05934	-6.17076	5.67046	-5.53671
13_870	5.74671	-5.23397	5.11779	-4.76352
13_871	6.06222	-6.17938	5.98323	-5.98969
13_872	6.22154	-6.65679	6.41308	-6.53904
13_873	6.28251	-6.83947	7.02702	-7.42389
13_874	6.06395	-6.18458	5.68226	-5.55821
13_875	6.0364	-6.10204	5.9427	-5.91583
13_876	5.91584	-5.74076	5.43431	-5.22336
13_877	6.12612	-6.37087	5.92517	-5.88389
13_878	6.2256	-6.66896	6.18025	-6.23174
13_879	6.03036	-6.08391	5.95134	-5.93158
13_880	6.24964	-6.741	6.5978	-6.75869
13_881	6.00211	-5.99927	5.71404	-5.61612
13_882	5.99629	-5.98183	5.72372	-5.63377
13_883	5.90859	-5.71905	5.42688	-5.20981
13_884	6.02263	-6.06077	5.6693	-5.5346
13_885	6.24458	-6.72583	7.07966	-7.40281
13_886	5.58599	-4.75239	4.85207	-4.39627
13_887	6.13987	-6.41206	5.95622	-5.94048
13_888	6.1168	-6.34294	5.95778	-5.94331
13_889	6.25327	-6.75187	7.21429	-7.64817
13_890	6.15752	-6.46496	6.24753	-6.35435
13_891	6.17717	-6.52382	6.25264	-6.36367
13_892	5.86352	-5.584	5.59833	-5.40526
13_893	5.87283	-5.61189	5.41195	-5.18259
13_894	5.97174	-5.90827	5.62861	-5.46044
13_895	5.6664	-4.99333	5.01187	-4.5705
13_896	5.90532	-5.70925	5.42099	-5.19907
13_897	5.93501	-5.7982	5.42865	-5.21303
13_898	5.75119	-5.2474	5.07602	-4.6874
13_899	5.9103	-5.72416	5.40633	-5.17235
13_900	5.78493	-5.34849	5.09197	-4.71648
13_901	5.65452	-4.95772	4.84509	-4.38355
13_902	5.6181	-4.84859	4.80552	-4.31144
13_903	5.82233	-5.46058	5.1108	-4.75079
13_904	6.37929	-7.12949	8.07138	-8.74212
13_905	6.29729	-6.88378	6.48926	-6.67789
13_906	5.90505	-5.70844	5.72842	-5.64233
13_907	6.24524	-6.7278	6.5294	-6.75103
13_908	6.31871	-6.94795	6.90761	-7.20627
13_909	6.11828	-6.34738	5.95403	-5.93649
13_910	6.06854	-6.19834	5.67987	-5.55386
13_911	5.76889	-5.30044	5.14461	-4.8124
13_912	5.91062	-5.72512	5.40098	-5.1626
13_913	6.36423	-7.08435	7.16338	-7.55539
13_914	6.448	-7.33538	8.64578	-9.5549
13_915	6.29952	-6.89045	6.72351	-6.98778
13_916	6.3391	-7.00906	7.03683	-7.44176
13_917	6.33546	-6.99816	7.49365	-8.04028
13_918	6.25223	-6.74876	6.43087	-6.57148
13_919	5.87416	-5.61587	5.36712	-5.10091
13_920	6.15873	-6.46857	5.97161	-5.96851
13_921	6.07645	-6.22203	5.94109	-5.9129
13_922	6.06628	-6.19156	6.00775	-6.03438
13_923	5.7573	-5.26572	5.12684	-4.78001
13_924	5.75555	-5.26045	5.12629	-4.77902
13_925	6.03038	-6.08398	5.71561	-5.61899
13_926	6.28439	-6.84511	7.24982	-7.71292
13_927	6.34137	-7.01585	7.65406	-8.2156
13_928	6.30998	-6.9218	6.72371	-6.98815
13_929	6.08795	-6.2565	5.87496	-5.79238
13_930	6.15264	-6.45033	6.152	-6.18025
13_931	6.023	-6.06188	5.72042	-5.62775
13_932	6.0374	-6.10503	5.97155	-5.96842
13_933	6.40576	-7.2088	7.28881	-7.78397
13_934	6.06866	-6.19868	5.67971	-5.55356
13_935	6.08344	-6.24296	5.99572	-6.01246
13_936	5.64354	-4.92484	4.82559	-4.34801
13_937	6.34707	-7.03293	6.72375	-6.98821
13_938	6.23969	-6.71117	6.5159	-6.72644
13_939	6.2409	-6.7148	6.50674	-6.70974
13_940	6.2337	-6.69322	6.18216	-6.23522
13_941	5.79321	-5.3733	5.10062	-4.73224
13_942	5.9132	-5.73286	5.70177	-5.59377
13_943	6.50828	-7.51599	8.25532	-9.07733
13_944	6.32584	-6.96932	7.4786	-8.01284
13_945	6.30974	-6.92109	7.03582	-7.43992
13_946	5.90399	-5.70527	5.43763	-5.2294
13_947	6.19575	-6.5795	6.2332	-6.32823
13_948	6.20094	-6.59506	6.78091	-7.09238
13_949	6.00556	-6.00962	5.65738	-5.51287
13_950	6.14579	-6.42981	5.95857	-5.94476
13_951	6.31714	-6.94325	6.72539	-6.99121
13_952	6.39202	-7.16762	8.07885	-8.75574
13_953	6.25904	-6.76915	6.49185	-6.6826
13_954	6.12114	-6.35595	5.95251	-5.93372
13_955	6.03302	-6.09191	5.67103	-5.53774
13_956	6.32715	-6.97325	6.91485	-7.21947
13_957	5.8144	-5.43681	5.11417	-4.75693
13_958	6.33514	-6.99718	7.98722	-8.70575
13_959	5.9293	-5.78109	5.4201	-5.19745
13_960	6.16623	-6.49107	5.96755	-5.96111
13_961	6.03637	-6.10194	5.64222	-5.48524
13_962	5.8961	-5.68163	5.38304	-5.12991
13_963	6.3516	-7.0465	6.73025	-7.00007
13_964	6.17511	-6.51766	8.74194	-9.49613
13_965	5.88071	-5.6355	5.39525	-5.15217
13_966	5.9467	-5.83323	5.3634	-5.09412
13_967	6.12172	-6.35769	6.18694	-6.24393
13_968	6.32522	-6.96747	6.74195	-7.02138
13_969	6.49996	-7.49107	9.57824	-10.7862
13_970	6.05754	-6.16536	5.66893	-5.53392
13_971	5.79301	-5.3727	5.10017	-4.73141
13_972	6.29382	-6.87337	6.48519	-6.67046
13_973	6.22594	-6.66997	6.17724	-6.22626
13_974	5.92608	-5.77144	5.40012	-5.16104
13_975	6.44525	-7.32712	7.28804	-7.78257
13_976	6.05677	-6.16306	5.95496	-5.93817
13_977	6.0369	-6.10353	5.67451	-5.54408
13_978	5.92746	-5.77559	5.41078	-5.18046
13_979	5.90943	-5.72155	5.40177	-5.16405
13_980	6.3689	-7.09834	7.67775	-8.25877
13_981	5.79694	-5.38448	5.09708	-4.72578
13_982	6.15317	-6.45191	5.9523	-5.93332
13_983	6.46268	-7.37935	7.70985	-8.31727
13_984	6.21231	-6.62912	6.23603	-6.3334
13_985	6.1997	-6.59135	6.17113	-6.21513
13_986	6.0533	-6.15268	6.23382	-6.32936
13_987	6.24886	-6.73864	9.12338	-10.0743
13_988	6.29507	-6.87712	7.00257	-7.37934
13_989	6.16003	-6.47249	5.96171	-5.95047
13_990	6.00627	-6.01173	5.66824	-5.53265
13_991	5.93622	-5.80184	5.42355	-5.20375
13_992	6.33454	-6.99539	6.91482	-7.21943
13_993	6.11968	-6.35156	6.43141	-6.57246
13_994	6.25571	-6.75919	6.49191	-6.68271
13_995	6.00631	-6.01187	5.64991	-5.49926
13_996	5.7979	-5.38736	5.58426	-5.37961
13_997	6.29949	-6.89037	6.72629	-6.99284
13_998	6.3143	-6.93475	7.3717	-7.81803
13_999	5.92344	-5.76353	5.42216	-5.20121
13_1000	5.99173	-5.96817	5.65391	-5.50654
13_1001	6.17496	-6.5172	6.23617	-6.33365
13_1002	5.93214	-5.78962	5.43696	-5.22817
13_1003	6.38153	-7.1362	8.18235	-8.94435
13_1004	6.38614	-7.15	7.24299	-7.70047
13_1005	6.40779	-7.2149	7.37433	-7.82282
13_1006	6.18516	-6.54777	6.25432	-6.36672
13_1007	6.31084	-6.92437	6.44584	-6.59874
13_1008	6.14415	-6.42489	5.94823	-5.92591
13_1009	6.19579	-6.57963	6.1651	-6.20414
13_1010	6.04371	-6.12394	5.66303	-5.52317
13_1011	6.12701	-6.37352	5.92028	-5.87498
13_1012	6.32179	-6.9572	6.72015	-6.98166
13_1013	6.16817	-6.49688	6.70376	-6.95178
13_1014	5.93203	-5.78928	5.41984	-5.19698
13_1015	6.21479	-6.63656	6.25943	-6.37604
13_1016	6.2753	-6.81787	6.60975	-6.78046
13_1017	6.53347	-7.59149	8.46509	-9.34261
13_1018	6.04544	-6.1291	5.93882	-5.90876
13_1019	6.38452	-7.14516	7.26291	-7.73677
13_1020	6.20005	-6.59241	6.27513	-6.40465
13_1021	5.72334	-5.16394	5.09973	-4.73061
13_1022	6.34605	-7.02989	6.74509	-7.0271
13_1023	6.45104	-7.34449	7.51138	-8.07258
13_1024	6.15451	-6.45593	5.95583	-5.93976
13_1025	5.77006	-5.30394	5.1452	-4.81348
13_1026	6.09063	-6.26452	5.87677	-5.79569
13_1027	5.65121	-4.94782	4.82867	-4.35364
13_1028	6.22307	-6.66139	6.26738	-6.39053
13_1029	6.38209	-7.13786	6.7506	-7.03714
13_1030	6.01235	-6.02996	5.69105	-5.57423
13_1031	6.40866	-7.2175	7.96637	-8.66775
13_1032	6.31804	-6.94595	6.71853	-6.9787
13_1033	6.04785	-6.13634	5.66683	-5.53009
13_1034	5.80824	-5.41833	5.09134	-4.71533
13_1035	5.92332	-5.76318	5.35145	-5.07234
13_1036	5.91491	-5.73797	5.39755	-5.15636
13_1037	6.04013	-6.11321	6.10595	-6.09634
13_1038	6.22518	-6.66768	6.25388	-6.36593
13_1039	6.35929	-7.06955	7.02414	-7.41865
13_1040	6.23107	-6.68536	6.18262	-6.23606
13_1041	6.08511	-6.24798	5.94251	-5.91549
13_1042	5.92485	-5.76778	5.40623	-5.17218
13_1043	6.36035	-7.07274	6.7266	-6.99341
13_1044	5.76666	-5.29376	5.1679	-4.85484
13_1045	6.04644	-6.13211	6.01185	-6.04185
13_1046	6.33194	-6.98761	6.90143	-7.19502
13_1047	6.07941	-6.2309	5.98435	-5.99173
13_1048	6.48231	-7.43817	8.65173	-9.56575
13_1049	6.48275	-7.4395	9.34249	-10.4736
13_1050	6.21794	-6.646	6.25836	-6.37409
13_1051	6.40008	-7.19178	7.27691	-7.76228
13_1052	6.30788	-6.91549	6.52257	-6.73859
13_1053	5.92731	-5.77514	5.41874	-5.19497
13_1054	6.10478	-6.30691	5.87709	-5.79626
13_1055	6.52855	-7.57674	8.24276	-9.05445
13_1056	6.3518	-7.04711	8.24155	-8.93524
13_1057	6.14688	-6.43309	6.13997	-6.15833
13_1058	5.91446	-5.73662	5.42328	-5.20325
13_1059	6.15788	-6.46604	5.95919	-5.94588
13_1060	6.06136	-6.1768	6.012	-6.04213
13_1061	6.16501	-6.48741	6.24052	-6.34157
13_1062	6.373	-7.11063	10.8155	-12.339
13_1063	5.90819	-5.71786	5.4264	-5.20894
13_1064	6.12698	-6.37343	5.95287	-5.93436
13_1065	6.33522	-6.99744	6.73596	-7.01047
13_1066	6.32613	-6.97018	6.45697	-6.61903
13_1067	6.40501	-7.20656	7.15803	-7.54563
13_1068	5.76069	-5.27586	5.14059	-4.80508
13_1069	6.3208	-6.95422	6.7215	-6.98411
13_1070	6.0255	-6.06936	5.6974	-5.5858
13_1071	6.47917	-7.42878	7.70834	-8.31452
13_1072	6.0982	-6.28721	6.0182	-6.05343
13_1073	6.41204	-7.22763	7.29321	-7.792
13_1074	6.48038	-7.43238	7.71442	-8.32561
13_1075	6.33603	-6.99986	7.04587	-7.45825
13_1076	6.33059	-6.98357	9.89245	-11.1248
13_1077	6.0675	-6.19522	5.67235	-5.54015
13_1078	6.35754	-7.06432	7.64415	-8.19755
13_1079	5.93088	-5.78584	5.43305	-5.22105
13_1080	6.33896	-7.00863	7.06241	-7.48838
13_1081	6.13158	-6.38724	5.88493	-5.81055
13_1082	6.30947	-6.92027	6.53183	-6.75546
13_1083	6.05745	-6.1651	5.67348	-5.5422
13_1084	6.42102	-7.25454	8.22857	-9.02859
13_1085	6.48097	-7.43415	7.52339	-8.09448
13_1086	6.14871	-6.43856	5.94609	-5.92202
13_1087	6.38175	-7.13684	6.74437	-7.02579
13_1088	6.52398	-7.56305	9.56869	-10.7688
13_1089	6.03046	-6.08423	5.66446	-5.52578
13_1090	6.27116	-6.80548	6.46924	-6.64141
13_1091	6.17886	-6.52889	6.25836	-6.37409
13_1092	5.93224	-5.7899	5.41093	-5.18075
13_1093	6.23895	-6.70896	6.17509	-6.22233
13_1094	6.06426	-6.1855	5.66113	-5.5197
13_1095	6.02502	-6.06791	5.65018	-5.49976
13_1096	5.73166	-5.18888	5.1072	-4.74423
13_1097	6.34484	-7.02627	6.73871	-7.01548
13_1098	6.17027	-6.50318	5.96789	-5.96174
13_1099	6.23168	-6.68717	6.43486	-6.57874
13_1100	6.0901	-6.26294	5.99242	-6.00645
13_1101	6.30269	-6.89996	6.52394	-6.74108
13_1102	6.35068	-7.04374	6.73549	-7.00962
13_1103	6.41614	-7.23991	7.16168	-7.5523
13_1104	6.42846	-7.27682	8.22825	-9.028
13_1105	6.30514	-6.90729	6.47633	-6.65432
13_1106	6.43355	-7.29208	8.81401	-9.74447
13_1107	6.34554	-7.02835	7.04947	-7.46481
13_1108	6.45054	-7.34297	7.24929	-7.71196
13_1109	5.9006	-5.69509	5.38792	-5.1388
13_1110	6.34831	-7.03664	6.9035	-7.1988
13_1111	6.4907	-7.46332	8.64923	-9.56119
13_1112	6.06609	-6.19098	5.6746	-5.54425
13_1113	6.21463	-6.63609	7.03114	-7.4314
13_1114	6.22414	-6.66459	6.25368	-6.36557
13_1115	6.10718	-6.31412	5.95498	-5.93821
13_1116	6.03875	-6.10905	5.72525	-5.63656
13_1117	6.43564	-7.29834	7.46285	-7.98415
13_1118	6.4206	-7.25327	7.26924	-7.74831
13_1119	6.32942	-6.98004	7.34898	-7.77663
13_1120	6.31306	-6.93104	7.7198	-8.21841
13_1121	6.15061	-6.44425	5.93763	-5.9066
13_1122	6.17005	-6.5025	6.27332	-6.40135
13_1123	6.25395	-6.75392	6.48431	-6.66886
13_1124	6.37443	-7.11493	6.7499	-7.03587
13_1125	6.45327	-7.35116	7.4299	-7.9241
13_1126	6.22501	-6.66719	6.25222	-6.3629
13_1127	6.45545	-7.3577	8.4087	-9.23985
13_1128	6.1752	-6.51794	6.19093	-6.2512
13_1129	6.01677	-6.04319	5.9259	-5.88522
13_1130	6.43582	-7.29888	7.2544	-7.72126
13_1131	6.04897	-6.13968	5.67333	-5.54194
13_1132	6.19799	-6.58622	6.21736	-6.29938
13_1133	5.92018	-5.75379	5.40834	-5.17601
13_1134	6.04462	-6.12665	5.64298	-5.48663
13_1135	5.89359	-5.67411	5.3754	-5.116
13_1136	5.76686	-5.29436	5.0668	-4.6706
13_1137	6.16105	-6.47554	5.96518	-5.95679
13_1138	6.19132	-6.56624	6.16243	-6.19926
13_1139	6.29538	-6.87806	7.25427	-7.72102
13_1140	6.05584	-6.16028	5.64868	-5.49702
13_1141	6.031	-6.08583	5.70031	-5.5911
13_1142	6.30713	-6.91325	6.52088	-6.73551
13_1143	6.35073	-7.04391	7.01863	-7.4086
13_1144	6.3201	-6.95212	6.44985	-6.60607
13_1145	6.45863	-7.36723	7.52303	-8.09381
13_1146	6.15941	-6.47063	5.94612	-5.92206
13_1147	6.48622	-7.44991	7.52592	-8.09908
13_1148	6.39461	-7.17538	7.68382	-8.26984
13_1149	6.41646	-7.24087	7.15398	-7.53825
13_1150	6.44846	-7.33675	8.12904	-8.8472
13_1151	6.2771	-6.82328	6.48542	-6.67089
13_1152	6.44305	-7.32055	7.25452	-7.72148
13_1153	6.37354	-7.11226	8.04113	-8.687
13_1154	6.39137	-7.16567	6.73939	-7.01671
13_1155	6.54521	-7.62665	8.24678	-9.06177
13_1156	5.90589	-5.71095	5.38401	-5.13168
13_1157	6.3959	-7.17927	6.7475	-7.03149
13_1158	6.43739	-7.30358	7.28524	-7.77747
13_1159	6.22489	-6.66683	6.23565	-6.3327
13_1160	6.56739	-7.69312	8.45187	-9.31852
13_1161	6.56769	-7.69401	9.58318	-10.7952
13_1162	5.76306	-5.28297	5.12961	-4.78507
13_1163	6.08336	-6.24275	5.99284	-6.00721
13_1164	6.15476	-6.45667	5.96995	-5.9655
13_1165	6.51426	-7.5339	7.71503	-8.32672
13_1166	6.17126	-6.50612	6.15398	-6.18387
13_1167	6.23717	-6.70362	6.51825	-6.73072
13_1168	6.43127	-7.28524	7.26121	-7.73367
13_1169	6.2006	-6.59403	6.69808	-6.94142
13_1170	6.38868	-7.15763	6.74311	-7.0235
13_1171	5.9314	-5.78739	5.60807	-5.423
13_1172	5.92735	-5.77527	5.39848	-5.15805
13_1173	6.21108	-6.62544	6.23074	-6.32376
13_1174	6.24283	-6.72058	6.17999	-6.23127
13_1175	6.07294	-6.21151	5.96103	-5.94924
13_1176	6.37754	-7.12425	7.03736	-7.44274
13_1177	6.53561	-7.59788	8.24443	-9.05748
13_1178	6.40457	-7.20523	11.0145	-12.5846
13_1179	6.23206	-6.68831	6.17906	-6.22957
13_1180	6.30739	-6.91404	6.72693	-6.99402
13_1181	6.27986	-6.83153	6.52413	-6.74143
13_1182	6.48334	-7.44125	7.43592	-7.93506
13_1183	6.17433	-6.51533	5.96318	-5.95315
13_1184	6.4471	-7.33266	7.24792	-7.70945
13_1185	6.45783	-7.36484	8.13132	-8.85136
13_1186	6.389	-7.15857	6.74178	-7.02107
13_1187	6.51673	-7.54133	9.75717	-10.9953
13_1188	6.49685	-7.48175	7.70063	-8.30047
13_1189	6.48485	-7.4458	8.43876	-9.29462
13_1190	6.34792	-7.0355	7.44955	-7.95991
13_1191	5.99533	-5.97894	5.89418	-5.82741
13_1192	6.24394	-6.7239	6.87519	-7.1472
13_1193	6.39537	-7.17765	7.1514	-7.53356
13_1194	6.16943	-6.50066	5.95284	-5.93431
13_1195	6.26044	-6.77336	6.45798	-6.62087
13_1196	6.33776	-7.00503	7.73948	-8.25426
13_1197	6.47696	-7.42215	8.81819	-9.7521
13_1198	6.3929	-7.17027	6.7365	-7.01144
13_1199	6.34778	-7.03506	6.99891	-7.37267
13_1200	6.26795	-6.79585	6.46914	-6.64122
13_1201	6.52126	-7.55489	7.7117	-8.32064
13_1202	6.49237	-7.46833	7.71263	-8.32234
13_1203	6.05767	-6.16576	5.64029	-5.48172
13_1204	6.5157	-7.53824	7.50519	-8.0613
13_1205	6.28716	-6.85342	6.43445	-6.57799
13_1206	6.50538	-7.50731	9.3308	-10.4523
13_1207	6.44244	-7.31872	7.97545	-8.68429
13_1208	6.14876	-6.43869	6.72561	-6.99161
13_1209	6.3036	-6.90269	6.99129	-7.35878
13_1210	6.24832	-6.73704	6.50729	-6.71074
13_1211	6.21134	-6.62623	6.72995	-6.99952
13_1212	5.87451	-5.61691	5.66609	-5.52875
13_1213	6.06757	-6.19544	5.95566	-5.93944
13_1214	6.01445	-6.03626	5.71461	-5.61717
13_1215	5.49281	-4.47317	4.77399	-4.25398
13_1216	5.70787	-5.11758	5.08905	-4.71115
13_1217	5.87379	-5.61476	5.36553	-5.098
13_1218	5.853	-5.55246	5.62606	-5.45579
13_1219	6.5552	-7.65658	8.23725	-9.04441
13_1220	6.47853	-7.42684	7.21902	-7.65679
13_1221	6.43272	-7.28958	8.28858	-9.02095
13_1222	6.26152	-6.77659	6.45193	-6.60985
13_1223	6.24018	-6.71265	6.42746	-6.56526
13_1224	6.21219	-6.62877	6.20842	-6.28308
13_1225	6.13205	-6.38862	5.95131	-5.93152
13_1226	6.32504	-6.96693	6.71569	-6.97352
13_1227	6.3137	-6.93295	6.52079	-6.73533
13_1228	6.49629	-7.48008	7.52052	-8.08925
13_1229	6.51776	-7.54441	8.64802	-9.55898
13_1230	6.46448	-7.38474	7.25068	-7.71448
13_1231	6.34068	-7.01379	6.91398	-7.21788
13_1232	6.57347	-7.71135	8.42949	-9.27775
13_1233	6.51376	-7.53242	7.49099	-8.03543
13_1234	6.58783	-7.75436	9.58217	-10.7934
13_1235	6.57816	-7.72539	8.15292	-8.89071
13_1236	5.96065	-5.87504	5.853	-5.75236
13_1237	6.3854	-7.1478	8.01394	-8.63743
13_1238	6.13085	-6.38503	6.49245	-6.56669
13_1239	6.60914	-7.81822	8.67956	-9.61647
13_1240	6.42262	-7.25933	7.15179	-7.53426
13_1241	6.26539	-6.78817	6.60187	-6.7661
13_1242	6.48506	-7.44643	7.50225	-8.05594
13_1243	6.36882	-7.09811	6.74244	-7.02228
13_1244	6.30564	-6.90879	6.44634	-6.59966
13_1245	5.98612	-5.95136	5.59502	-5.39923
13_1246	6.48181	-7.43668	7.43442	-7.93233
13_1247	6.32471	-6.96592	6.95737	-7.29696
13_1248	6.63284	-7.88923	8.67601	-9.61
13_1249	6.44423	-7.32406	8.29164	-9.02653
13_1250	6.19888	-6.58889	6.20054	-6.26872
13_1251	6.39016	-7.16204	7.20671	-7.63435
13_1252	6.5858	-7.74828	8.22035	-9.01361
13_1253	6.57836	-7.726	8.15804	-8.90006
13_1254	6.0423	-6.11972	5.9176	-5.87009
13_1255	6.3683	-7.09656	6.99932	-7.37342
13_1256	6.55534	-7.657	8.22055	-9.01397
13_1257	6.57244	-7.70825	9.5525	-10.7393
13_1258	6.68306	-8.03972	9.59785	-10.8219
13_1259	6.53156	-7.58575	9.23551	-10.2786
13_1260	6.57655	-7.72058	9.96901	-11.2643
13_1261	6.12272	-6.36069	6.62539	-6.80897
13_1262	6.48019	-7.43182	7.22338	-7.66474
13_1263	6.50561	-7.508	8.95109	-9.8773
13_1264	6.45967	-7.37033	7.92862	-8.59897
13_1265	6.21946	-6.65055	6.16739	-6.20831
13_1266	6.35331	-7.05163	6.89526	-7.18377
13_1267	6.59585	-7.7784	11.0718	-12.6891
13_1268	6.64111	-7.91403	9.35111	-10.4893
13_1269	6.59405	-7.77302	8.16117	-8.90576
13_1270	6.40017	-7.19206	6.7377	-7.01364
13_1271	6.64526	-7.92644	10.8748	-12.4471
13_1272	6.53252	-7.58863	7.70631	-8.31082
13_1273	6.50459	-7.50493	8.80614	-9.73014
13_1274	6.55024	-7.64173	9.2411	-10.2888
13_1275	6.46216	-7.37781	12.4903	-14.4552
13_1276	6.26906	-6.79918	9.89075	-11.0047
13_1277	6.25064	-6.744	6.44188	-6.59154
13_1278	6.52535	-7.56716	7.48885	-8.03153
13_1279	6.32717	-6.97331	10.4325	-11.7581
13_1280	6.6566	-7.96043	8.67607	-9.61011
13_1281	6.61579	-7.83814	9.97513	-11.2755
13_1282	6.566	-7.68895	9.71834	-10.9245
13_1283	6.59853	-7.78642	8.41373	-9.24901
13_1284	6.41271	-7.22962	7.37653	-7.82684
13_1285	6.46168	-7.37637	7.22239	-7.66293
13_1286	6.27374	-6.81322	6.40393	-6.52238
13_1287	6.04522	-6.12845	5.77309	-5.60674
13_1288	6.18486	-6.54687	6.17357	-6.21956
13_1289	6.38975	-7.16082	11.3709	-13.0001
13_1290	6.28859	-6.8577	6.90513	-7.20176
13_1291	6.57813	-7.72531	8.18114	-8.94214
13_1292	6.71132	-8.12442	9.57806	-10.7859
13_1293	6.66715	-7.99205	11.0773	-12.6991
13_1294	6.43605	-7.29956	12.6688	-14.6634
13_1295	6.67835	-8.0256	12.5329	-14.5327
13_1296	6.73144	-8.1847	10.8418	-12.3869
13_1297	6.6031	-7.80012	9.24725	-10.3
13_1298	6.30814	-6.91628	7.76143	-8.29427
13_1299	5.8815	-5.63787	6.40906	-6.41472
13_1300	6.43603	-7.29951	14.3135	-16.7246
13_1301	6	-5.99295	16.1793	-18.9548
